<Qucs Dataset 0.0.20>
<indep time 336>
  +0.00000000000000000000e+00
  +1.00000000000000004792e-04
  +2.00000000000000009584e-04
  +3.00000000000000027929e-04
  +4.00000000000000019169e-04
  +5.00000000000000010408e-04
  +6.00000000000000055858e-04
  +6.99999999999999992888e-04
  +8.00000000000000038337e-04
  +9.00000000000000083787e-04
  +1.00000000000000002082e-03
  +1.10000000000000006627e-03
  +1.20000000000000011172e-03
  +1.30000000000000015717e-03
  +1.39999999999999998578e-03
  +1.50000000000000003123e-03
  +1.60000000000000007667e-03
  +1.70000000000000012212e-03
  +1.80000000000000016757e-03
  +1.89999999999999999618e-03
  +2.00000000000000004163e-03
  +2.10000000000000030392e-03
  +2.20000000000000013253e-03
  +2.29999999999999996114e-03
  +2.40000000000000022343e-03
  +2.50000000000000005204e-03
  +2.60000000000000031433e-03
  +2.70000000000000014294e-03
  +2.79999999999999997155e-03
  +2.90000000000000023384e-03
  +3.00000000000000006245e-03
  +3.10000000000000032474e-03
  +3.20000000000000015335e-03
  +3.29999999999999998196e-03
  +3.40000000000000024425e-03
  +3.50000000000000007286e-03
  +3.60000000000000033515e-03
  +3.70000000000000016376e-03
  +3.79999999999999999237e-03
  +3.90000000000000025466e-03
  +4.00000000000000008327e-03
  +4.10000000000000034556e-03
  +4.20000000000000060785e-03
  +4.30000000000000000278e-03
  +4.40000000000000026507e-03
  +4.50000000000000052736e-03
  +4.59999999999999992228e-03
  +4.70000000000000018457e-03
  +4.80000000000000044686e-03
  +4.89999999999999984179e-03
  +5.00000000000000010408e-03
  +5.10000000000000036637e-03
  +5.20000000000000062866e-03
  +5.30000000000000002359e-03
  +5.40000000000000028588e-03
  +5.50000000000000054817e-03
  +5.59999999999999994310e-03
  +5.70000000000000020539e-03
  +5.80000000000000046768e-03
  +5.89999999999999986261e-03
  +6.00000000000000012490e-03
  +6.10000000000000038719e-03
  +6.20000000000000064948e-03
  +6.30000000000000004441e-03
  +6.40000000000000030670e-03
  +6.50000000000000056899e-03
  +6.59999999999999996392e-03
  +6.70000000000000022621e-03
  +6.80000000000000048850e-03
  +6.90000000000000075079e-03
  +7.00000000000000014572e-03
  +7.10000000000000040801e-03
  +7.20000000000000067030e-03
  +7.30000000000000006523e-03
  +7.40000000000000032752e-03
  +7.50000000000000058981e-03
  +7.59999999999999998473e-03
  +7.70000000000000024702e-03
  +7.80000000000000050931e-03
  +7.90000000000000077161e-03
  +8.00000000000000016653e-03
  +8.09999999999999956146e-03
  +8.20000000000000069111e-03
  +8.30000000000000008604e-03
  +8.40000000000000121569e-03
  +8.50000000000000061062e-03
  +8.60000000000000000555e-03
  +8.70000000000000113520e-03
  +8.80000000000000053013e-03
  +8.89999999999999992506e-03
  +9.00000000000000105471e-03
  +9.10000000000000044964e-03
  +9.19999999999999984457e-03
  +9.30000000000000097422e-03
  +9.40000000000000036915e-03
  +9.49999999999999976408e-03
  +9.60000000000000089373e-03
  +9.70000000000000028866e-03
  +9.79999999999999968359e-03
  +9.90000000000000081324e-03
  +1.00000000000000002082e-02
  +1.01000000000000013378e-02
  +1.02000000000000007327e-02
  +1.03000000000000001277e-02
  +1.04000000000000012573e-02
  +1.05000000000000006523e-02
  +1.06000000000000000472e-02
  +1.07000000000000011768e-02
  +1.08000000000000005718e-02
  +1.08999999999999999667e-02
  +1.10000000000000010963e-02
  +1.11000000000000004913e-02
  +1.11999999999999998862e-02
  +1.13000000000000010159e-02
  +1.14000000000000004108e-02
  +1.14999999999999998057e-02
  +1.16000000000000009354e-02
  +1.17000000000000003303e-02
  +1.17999999999999997252e-02
  +1.19000000000000008549e-02
  +1.20000000000000002498e-02
  +1.21000000000000013795e-02
  +1.22000000000000007744e-02
  +1.23000000000000001693e-02
  +1.24000000000000012990e-02
  +1.25000000000000006939e-02
  +1.26000000000000000888e-02
  +1.27000000000000012185e-02
  +1.28000000000000006134e-02
  +1.29000000000000000083e-02
  +1.30000000000000011380e-02
  +1.31000000000000005329e-02
  +1.31999999999999999278e-02
  +1.33000000000000010575e-02
  +1.34000000000000004524e-02
  +1.34999999999999998473e-02
  +1.36000000000000009770e-02
  +1.37000000000000003719e-02
  +1.38000000000000015016e-02
  +1.39000000000000008965e-02
  +1.40000000000000002914e-02
  +1.41000000000000014211e-02
  +1.42000000000000008160e-02
  +1.43000000000000002109e-02
  +1.44000000000000013406e-02
  +1.45000000000000007355e-02
  +1.46000000000000001305e-02
  +1.47000000000000012601e-02
  +1.48000000000000006550e-02
  +1.49000000000000000500e-02
  +1.50000000000000011796e-02
  +1.51000000000000005745e-02
  +1.51999999999999999695e-02
  +1.53000000000000010991e-02
  +1.54000000000000004940e-02
  +1.54999999999999998890e-02
  +1.56000000000000010186e-02
  +1.57000000000000021483e-02
  +1.58000000000000015432e-02
  +1.59000000000000009381e-02
  +1.60000000000000003331e-02
  +1.60999999999999997280e-02
  +1.61999999999999991229e-02
  +1.63000000000000019873e-02
  +1.64000000000000013822e-02
  +1.65000000000000007772e-02
  +1.66000000000000001721e-02
  +1.66999999999999995670e-02
  +1.68000000000000024314e-02
  +1.69000000000000018263e-02
  +1.70000000000000012212e-02
  +1.71000000000000006162e-02
  +1.72000000000000000111e-02
  +1.72999999999999994060e-02
  +1.74000000000000022704e-02
  +1.75000000000000016653e-02
  +1.76000000000000010603e-02
  +1.77000000000000004552e-02
  +1.77999999999999998501e-02
  +1.78999999999999992450e-02
  +1.80000000000000021094e-02
  +1.81000000000000015044e-02
  +1.82000000000000008993e-02
  +1.83000000000000002942e-02
  +1.83999999999999996891e-02
  +1.85000000000000025535e-02
  +1.86000000000000019484e-02
  +1.87000000000000013434e-02
  +1.88000000000000007383e-02
  +1.89000000000000001332e-02
  +1.89999999999999995282e-02
  +1.91000000000000023925e-02
  +1.92000000000000017875e-02
  +1.93000000000000011824e-02
  +1.94000000000000005773e-02
  +1.94999999999999999722e-02
  +1.95999999999999993672e-02
  +1.97000000000000022315e-02
  +1.98000000000000016265e-02
  +1.99000000000000010214e-02
  +2.00000000000000004163e-02
  +2.00999999999999998113e-02
  +2.02000000000000026756e-02
  +2.03000000000000020706e-02
  +2.04000000000000014655e-02
  +2.05000000000000008604e-02
  +2.06000000000000002554e-02
  +2.06999999999999996503e-02
  +2.08000000000000025147e-02
  +2.09000000000000019096e-02
  +2.10000000000000013045e-02
  +2.11000000000000006994e-02
  +2.12000000000000000944e-02
  +2.12999999999999994893e-02
  +2.14000000000000023537e-02
  +2.15000000000000017486e-02
  +2.16000000000000011435e-02
  +2.17000000000000005385e-02
  +2.17999999999999999334e-02
  +2.18999999999999993283e-02
  +2.20000000000000021927e-02
  +2.21000000000000015876e-02
  +2.22000000000000009825e-02
  +2.23000000000000003775e-02
  +2.23999999999999997724e-02
  +2.25000000000000026368e-02
  +2.26000000000000020317e-02
  +2.27000000000000014266e-02
  +2.28000000000000008216e-02
  +2.29000000000000002165e-02
  +2.29999999999999996114e-02
  +2.31000000000000024758e-02
  +2.32000000000000018707e-02
  +2.33000000000000012657e-02
  +2.34000000000000006606e-02
  +2.35000000000000000555e-02
  +2.35999999999999994504e-02
  +2.37000000000000023148e-02
  +2.38000000000000017097e-02
  +2.39000000000000011047e-02
  +2.40000000000000004996e-02
  +2.40999999999999998945e-02
  +2.42000000000000027589e-02
  +2.43000000000000021538e-02
  +2.44000000000000015488e-02
  +2.45000000000000009437e-02
  +2.46000000000000003386e-02
  +2.46999999999999997335e-02
  +2.48000000000000025979e-02
  +2.49000000000000019929e-02
  +2.50000000000000013878e-02
  +2.51000000000000007827e-02
  +2.52000000000000001776e-02
  +2.52999999999999995726e-02
  +2.54000000000000024369e-02
  +2.55000000000000018319e-02
  +2.56000000000000012268e-02
  +2.57000000000000006217e-02
  +2.58000000000000000167e-02
  +2.59000000000000028810e-02
  +2.60000000000000022760e-02
  +2.61000000000000016709e-02
  +2.62000000000000010658e-02
  +2.63000000000000004607e-02
  +2.63999999999999998557e-02
  +2.65000000000000027200e-02
  +2.66000000000000021150e-02
  +2.67000000000000015099e-02
  +2.68000000000000009048e-02
  +2.69000000000000002998e-02
  +2.69999999999999996947e-02
  +2.71000000000000025591e-02
  +2.72000000000000019540e-02
  +2.73000000000000013489e-02
  +2.74000000000000007438e-02
  +2.75000000000000001388e-02
  +2.76000000000000030032e-02
  +2.77000000000000023981e-02
  +2.78000000000000017930e-02
  +2.79000000000000011879e-02
  +2.80000000000000005829e-02
  +2.80999999999999999778e-02
  +2.82000000000000028422e-02
  +2.83000000000000022371e-02
  +2.84000000000000016320e-02
  +2.85000000000000010270e-02
  +2.86000000000000004219e-02
  +2.86999999999999998168e-02
  +2.88000000000000026812e-02
  +2.89000000000000020761e-02
  +2.90000000000000014710e-02
  +2.91000000000000008660e-02
  +2.92000000000000002609e-02
  +2.93000000000000031253e-02
  +2.94000000000000025202e-02
  +2.95000000000000019151e-02
  +2.96000000000000013101e-02
  +2.97000000000000007050e-02
  +2.98000000000000000999e-02
  +2.99000000000000029643e-02
  +3.00000000000000023592e-02
  +3.01000000000000017542e-02
  +3.02000000000000011491e-02
  +3.03000000000000005440e-02
  +3.03999999999999999389e-02
  +3.05000000000000028033e-02
  +3.06000000000000021982e-02
  +3.07000000000000015932e-02
  +3.08000000000000009881e-02
  +3.09000000000000003830e-02
  +3.09999999999999997780e-02
  +3.11000000000000026423e-02
  +3.12000000000000020373e-02
  +3.13000000000000014322e-02
  +3.14000000000000042966e-02
  +3.15000000000000002220e-02
  +3.16000000000000030864e-02
  +3.16999999999999990119e-02
  +3.18000000000000018763e-02
  +3.19000000000000047407e-02
  +3.20000000000000006661e-02
  +3.21000000000000035305e-02
  +3.21999999999999994560e-02
  +3.23000000000000023204e-02
  +3.23999999999999982458e-02
  +3.25000000000000011102e-02
  +3.26000000000000039746e-02
  +3.26999999999999999001e-02
  +3.28000000000000027645e-02
  +3.28999999999999986899e-02
  +3.30000000000000015543e-02
  +3.31000000000000044187e-02
  +3.32000000000000003442e-02
  +3.33000000000000032085e-02
  +3.33999999999999991340e-02
  +3.35000000000000019984e-02
</indep>
<dep Load_out.Vt time>
  +0.00000000000000000000e+00
  +1.45765316483803530900e-10
  +7.53132584074833744125e-09
  +3.25267907719251070375e-07
  +1.26447900598014584261e-05
  +3.94335000256762491233e-04
  +1.31743592751960569842e-02
  +1.55112417574822858413e-01
  +4.11525969426925097849e-01
  +6.74505369811812194314e-01
  +9.34389182377117877287e-01
  +1.19056689205973720291e+00
  +1.44266753897718635891e+00
  +1.69034046338959620392e+00
  +1.93324006106745893696e+00
  +2.17102833474112966172e+00
  +2.40337542939974868617e+00
  +2.62996019407378112120e+00
  +2.85047075146492012721e+00
  +3.06460507500249068613e+00
  +3.27207157832691386545e+00
  +3.47258972220256945107e+00
  +3.66589064566417821567e+00
  +3.85171783035941528439e+00
  +4.02982780991493783063e+00
  +4.19999093998207406742e+00
  +4.36199224977610278131e+00
  +4.51563240292143230903e+00
  +4.66072880497661934385e+00
  +4.79711690815646996100e+00
  +4.92465178192399477552e+00
  +5.04321004327943622769e+00
  +5.15269227542798446962e+00
  +5.25302612035657379153e+00
  +5.34417024006819474380e+00
  +5.42611958255806392515e+00
  +5.49891226689376999559e+00
  +5.56263873300992894855e+00
  +5.61745382248465308095e+00
  +5.66359243037646553631e+00
  +5.70138927909125481364e+00
  +5.73130221061663558402e+00
  +5.75393647004840413928e+00
  +5.77006344020833772390e+00
  +5.78062184895180841693e+00
  +5.78668539381144242384e+00
  +5.78938489018449420342e+00
  +5.78979222277632388227e+00
  +5.78880195031286959306e+00
  +5.78705975378305037538e+00
  +5.78496406044650957057e+00
  +5.78272403259792877606e+00
  +5.78043314244728367868e+00
  +5.77812709285903469691e+00
  +5.77581760450254932948e+00
  +5.77350800330856994691e+00
  +5.77119910930011670303e+00
  +5.76889109880991313162e+00
  +5.76658400485107680566e+00
  +5.76427783260843984436e+00
  +5.76197258252990884841e+00
  +5.75966825435327312022e+00
  +5.75736484772227097295e+00
  +5.75506236226958201030e+00
  +5.75276079762691772146e+00
  +5.75046015342604821541e+00
  +5.74816042929888482149e+00
  +5.74586162487746054950e+00
  +5.74356373979397538676e+00
  +5.74126677368077142916e+00
  +5.73897072617032844022e+00
  +5.73667559689527806199e+00
  +5.73438138548840559139e+00
  +5.73208809158263221661e+00
  +5.72979571481103544528e+00
  +5.72750425480682956447e+00
  +5.72521371120338606886e+00
  +5.72292408363421767348e+00
  +5.72063537173297742555e+00
  +5.71834757513347913260e+00
  +5.71606069346967160527e+00
  +5.71377472637565642088e+00
  +5.71148967348567726532e+00
  +5.70920553443412259753e+00
  +5.70692230885554074860e+00
  +5.70463999638460439456e+00
  +5.70235859665614785996e+00
  +5.70007810930514580150e+00
  +5.69779853396672208987e+00
  +5.69551987027614359249e+00
  +5.69324211786882372621e+00
  +5.69096527638031979279e+00
  +5.68868934544634541339e+00
  +5.68641432470274565958e+00
  +5.68414021378551925778e+00
  +5.68186701233080615481e+00
  +5.67959471997489373507e+00
  +5.67732333635421948514e+00
  +5.67505286110535767108e+00
  +5.67278329386504243104e+00
  +5.67051463427013491270e+00
  +5.66824688195765613585e+00
  +5.66598003656476656431e+00
  +5.66371409772877143496e+00
  +5.66144906508714829130e+00
  +5.65918493827756741155e+00
  +5.65692171693872136728e+00
  +5.65465940071961981062e+00
  +5.65239798936861337353e+00
  +5.65013748350183142577e+00
  +5.64787789047107047224e+00
  +5.64561926383654100192e+00
  +5.64336193608885228201e+00
  +5.64110771424389678685e+00
  +5.63886519537997443763e+00
  +5.63667003281611656007e+00
  +5.63465023817039600829e+00
  +5.63319869746457335680e+00
  +5.63331753772252863399e+00
  +5.63699860279451936407e+00
  +5.64690640392477583021e+00
  +5.66452495312684423112e+00
  +5.68822741860578240392e+00
  +5.71408584599093583023e+00
  +5.73834614302964496346e+00
  +5.75871708499151413463e+00
  +5.77428738873521485431e+00
  +5.78507073726750586928e+00
  +5.79163522181406342781e+00
  +5.79484313470744449859e+00
  +5.79564477074683104263e+00
  +5.79490760434887164365e+00
  +5.79330244609483990814e+00
  +5.79126930319502886135e+00
  +5.78905278795895217314e+00
  +5.78676835081786222759e+00
  +5.78446245322365637520e+00
  +5.78215112978369205621e+00
  +5.77983915445960061419e+00
  +5.77752776015291313882e+00
  +5.77521722426521844085e+00
  +5.77290760122395418819e+00
  +5.77059890016705079319e+00
  +5.76829112218700856829e+00
  +5.76598426710998523959e+00
  +5.76367833458644085454e+00
  +5.76137332425017767434e+00
  +5.75906923573368434432e+00
  +5.75676606866832862863e+00
  +5.75446382268561151818e+00
  +5.75216249741717877697e+00
  +5.74986209249481472483e+00
  +5.74756260755046177735e+00
  +5.74526404221620001778e+00
  +5.74296639612425963151e+00
  +5.74066966890701557702e+00
  +5.73837386019699291495e+00
  +5.73607896962685792630e+00
  +5.73378499682944209326e+00
  +5.73149194143769147303e+00
  +5.72919980308472709396e+00
  +5.72690858140380854024e+00
  +5.72461827602833484008e+00
  +5.72232888659186045288e+00
  +5.72004041272808461116e+00
  +5.71775285407084865597e+00
  +5.71546621025414580686e+00
  +5.71318048091211316830e+00
  +5.71089566567902995331e+00
  +5.70861176418932991794e+00
  +5.70632877607758004501e+00
  +5.70404670097851429489e+00
  +5.70176553852699719016e+00
  +5.69948528835804069104e+00
  +5.69720595010680597170e+00
  +5.69492752340859809124e+00
  +5.69265000789887132271e+00
  +5.69037340321321760683e+00
  +5.68809770898738609191e+00
  +5.68582292485726892295e+00
  +5.68354905045888791904e+00
  +5.68127608542843098860e+00
  +5.67900402940222814863e+00
  +5.67673288201674797193e+00
  +5.67446264290860913349e+00
  +5.67219331171457419316e+00
  +5.66992488807155581299e+00
  +5.66765737161661586896e+00
  +5.66539076198699564912e+00
  +5.66312505882037786620e+00
  +5.66086026175867473853e+00
  +5.65859637048537678083e+00
  +5.65633338506202587581e+00
  +5.65407130861666651356e+00
  +5.65181016629922705619e+00
  +5.64955012264352163243e+00
  +5.64729211613195580810e+00
  +5.64504083621914354296e+00
  +5.64281674409745281906e+00
  +5.64069735789324067099e+00
  +5.63893525072872137116e+00
  +5.63821769291225383114e+00
  +5.64007455848553895805e+00
  +5.64699168051833133575e+00
  +5.66119647769359346512e+00
  +5.68238211972921369863e+00
  +5.70724752143510638547e+00
  +5.73188642115592994486e+00
  +5.75337677084635323865e+00
  +5.77036917069958565918e+00
  +5.78257618883913870889e+00
  +5.79038203194656908579e+00
  +5.79455607605771927382e+00
  +5.79602831390808415080e+00
  +5.79570254310372323658e+00
  +5.79431826285562845413e+00
  +5.79238812949984094303e+00
  +5.79021310691011770189e+00
  +5.78794296401901053883e+00
  +5.78564111272166670119e+00
  +5.78333052328046726132e+00
  +5.78101835784059137069e+00
  +5.77870654968897756731e+00
  +5.77639555281246597218e+00
  +5.77408546020107404928e+00
  +5.77177628833228784089e+00
  +5.76946803951826581169e+00
  +5.76716071376842265295e+00
  +5.76485431075881926688e+00
  +5.76254883012545970900e+00
  +5.76024427149992046537e+00
  +5.75794063451352045035e+00
  +5.75563791879768782422e+00
  +5.75333612398399640853e+00
  +5.75103524970414969886e+00
  +5.74873529559002172107e+00
  +5.74643626127361528688e+00
  +5.74413814638708597471e+00
  +5.74184095056273147151e+00
  +5.73954467343300489546e+00
  +5.73724931463050769054e+00
  +5.73495487378796564570e+00
  +5.73266135053828485013e+00
  +5.73036874451449307344e+00
  +5.72807705534977706918e+00
  +5.72578628267746569946e+00
  +5.72349642613103526401e+00
  +5.72120748534410950015e+00
  +5.71891945995044981288e+00
  +5.71663234958398192020e+00
  +5.71434615387876476689e+00
  +5.71206087246901361709e+00
  +5.70977650498907252086e+00
  +5.70749305107344717669e+00
  +5.70521051035678716801e+00
  +5.70292888247388596312e+00
  +5.70064816705967913890e+00
  +5.69836836374925503890e+00
  +5.69608947217784589157e+00
  +5.69381149198083136298e+00
  +5.69153442279373145141e+00
  +5.68925826425221448090e+00
  +5.68698301599209443680e+00
  +5.68470867764933007749e+00
  +5.68243524886003026353e+00
  +5.68016272926045040492e+00
  +5.67789111848698624385e+00
  +5.67562041617618895373e+00
  +5.67335062196473760565e+00
  +5.67108173548946759013e+00
  +5.66881375638736706435e+00
  +5.66654668429558494580e+00
  +5.66428051885153927003e+00
  +5.66201525969458518972e+00
  +5.65975090648337442190e+00
  +5.65748745906989380927e+00
  +5.65522491891997258762e+00
  +5.65296329949547438076e+00
  +5.65070269308242778550e+00
  +5.64844364705906265556e+00
  +5.64618900656402100680e+00
  +5.64395170526792977483e+00
  +5.64178291292457601003e+00
  +5.63985612302998173817e+00
  +5.63865997759325043859e+00
  +5.63940382766656966851e+00
  +5.64429375833322843903e+00
  +5.65588202345083956857e+00
  +5.67491985393503828305e+00
  +5.69899199740442252704e+00
  +5.72406158301373757524e+00
  +5.74678887725416664978e+00
  +5.76533553755637129257e+00
  +5.77910148597912343149e+00
  +5.78828915389363807265e+00
  +5.79355631325285269639e+00
  +5.79580719260832566420e+00
  +5.79598320266040634152e+00
  +5.79487630665490538462e+00
  +5.79308084697153535814e+00
  +5.79096254495847517774e+00
  +5.78871299304639741479e+00
  +5.78641748671911582136e+00
  +5.78410843292286713790e+00
  +5.78179640420879614737e+00
  +5.77948438017994536864e+00
  +5.77717309007356849548e+00
  +5.77486268946127179191e+00
  +5.77255320719862474732e+00
  +5.77024464773851608612e+00
  +5.76793701141753434314e+00
  +5.76563029795363668484e+00
  +5.76332450698460974081e+00
  +5.76101963814619466575e+00
  +5.75871569107097336371e+00
  +5.75641266539033047422e+00
  +5.75411056073578830450e+00
  +5.75180937673901304663e+00
  +5.74950911303181655398e+00
  +5.74720976924615101211e+00
  +5.74491134501412847868e+00
  +5.74261383996800134355e+00
  +5.74031725374016144059e+00
  +5.73802158596316491668e+00
  +5.73572683626970203363e+00
  +5.73343300429261137907e+00
  +5.73114008966487809005e+00
  +5.72884809201963385306e+00
  +5.72655701099016489763e+00
  +5.72426684620989512098e+00
  +5.72197759731240207515e+00
  +5.71968926393140453257e+00
  +5.71740184570076515058e+00
  +5.71511534225450112956e+00
  +5.71282975322677089025e+00
  +5.71054507825188029102e+00
</dep>
<dep V1.It time>
  +0.00000000000000000000e+00
  -1.03175247048867945723e-10
  -4.06307539697022081881e-09
  -1.59602637921211338091e-07
  -6.17221477033539112924e-06
  -2.32614231245386221840e-04
  -7.23932816668361629742e-03
  -3.89968487355602244637e-02
  -4.40023603590579404088e-02
  -4.36471433551975859788e-02
  -4.30800710326064498212e-02
  -4.24466156799551685985e-02
  -4.17546659407914480533e-02
  -4.10042077211616312615e-02
  -4.01964497955176747190e-02
  -3.93326799336167834409e-02
  -3.84142794679515342526e-02
  -3.74427249163635442186e-02
  -3.64195887259588721441e-02
  -3.53465410815549940793e-02
  -3.42253523750011001692e-02
  -3.30578966592321513152e-02
  -3.18461563987156026645e-02
  -3.05922289286303938916e-02
  -2.92983351716304442347e-02
  -2.79668313484733414842e-02
  -2.66002246776630389691e-02
  -2.52011944187701883435e-02
  -2.37726201155950903066e-02
  -2.23176195970078566910e-02
  -2.08396002748348976863e-02
  -1.93423286457601768806e-02
  -1.78300247889898351439e-02
  -1.63074892839385164611e-02
  -1.47802857816922515038e-02
  -1.32549713337202969970e-02
  -1.17394239737478763008e-02
  -1.02432700198463073893e-02
  -8.77843031659229604269e-03
  -7.35977977254549404346e-03
  -6.00582205660676535230e-03
  -4.73916588952837027765e-03
  -3.58630337061403760973e-03
  -2.57587630298724938605e-03
  -1.73448052483073187485e-03
  -1.07973628058983801663e-03
  -6.12437508336416435752e-04
  -3.12262728108840092577e-04
  -1.41554320007845451908e-04
  -5.66274244391688343710e-05
  -1.99114523860811437833e-05
  -6.14613603298735047565e-06
  -1.66619902717164698675e-06
  -3.97277965283616062855e-07
  -8.34718208559260951942e-08
  -1.54888813480378895274e-08
  -2.54420287009182751987e-09
  -3.70678358522261781490e-10
  -4.77910415710018822800e-11
  -5.21007693952444316308e-12
  -2.07573999868626871035e-13
  +3.12846931783508493586e-13
  +3.61519288698142795113e-13
  +3.72865083049215821187e-13
  +3.77166894115043752191e-13
  +3.79913080154171435801e-13
  +3.82720763095778194164e-13
  +3.84830163064156393099e-13
  +3.87574745401150140127e-13
  +3.89374886858735227684e-13
  +3.90689153070100572211e-13
  +3.92678695723553080237e-13
  +3.93603755274868771022e-13
  +3.94773106236507847065e-13
  +3.96057358654930210324e-13
  +3.97943200097605947263e-13
  +3.98708942904371725608e-13
  +4.00244520082058662481e-13
  +4.00887656654448033279e-13
  +4.01251679543198980325e-13
  +4.01741640151849459080e-13
  +4.03005032361420122125e-13
  +4.03460729077955631682e-13
  +4.02760363774707941785e-13
  +4.02920278714363432588e-13
  +4.02792688475693994687e-13
  +4.02417464573099261665e-13
  +4.03165695113129405453e-13
  +4.02307015445155589913e-13
  +4.01916514535526721982e-13
  +4.00950634237251795344e-13
  +4.01060420553387323173e-13
  +3.99735182261403858915e-13
  +3.98646100386034491760e-13
  +3.98359384484362807937e-13
  +3.97848851599829210599e-13
  +3.95742786898337359363e-13
  +3.95028478698389709856e-13
  +3.93911934473595032379e-13
  +3.92319418159658863411e-13
  +3.91953991303876875182e-13
  +3.91889338079665171868e-13
  +3.90971129600270659036e-13
  +3.93205255889708504680e-13
  +3.98040305832086244607e-13
  +4.34263233815262529008e-13
  +8.66170578846511181548e-13
  +5.65894622205461549944e-12
  +5.24587156374289282605e-11
  +4.60444226245833695131e-10
  +3.62533730249833379209e-09
  +2.53994866707792849857e-08
  +1.57824899301499660000e-07
  +8.67463307801362458153e-07
  +4.20692460257414222325e-06
  +1.79536698134655219202e-05
  +6.71734281145974722240e-05
  +2.18788211698526608101e-04
  +6.11097460762331291285e-04
  +1.42325876044744345852e-03
  +2.66413918398301268267e-03
  +3.92522440582386469149e-03
  +4.64778870850920781954e-03
  +4.65754638902442490850e-03
  +4.15077919394593770896e-03
  +3.39084382187062596467e-03
  +2.56996780864598593427e-03
  +1.80697835007821434698e-03
  +1.17009558180919772709e-03
  +6.90163346323702285925e-04
  +3.66386187442340361276e-04
  +1.73197656838175906464e-04
  +7.23341237592586892933e-05
  +2.65672077987239150696e-05
  +8.56580060597106374717e-06
  +2.42469637176943066521e-06
  +6.03312821396472441867e-07
  +1.32192709183350844004e-07
  +2.55609547656600487144e-08
  +4.37175328997178683249e-09
  +6.62821900219102130444e-10
  +8.90792393273130139003e-11
  +1.03814657664054037804e-11
  +7.75591455641136163445e-13
  -2.59690867186377291036e-13
  -3.53494570779765012282e-13
  -3.83021746809974149001e-13
  -3.74906525572724708253e-13
  -3.92096367110561538649e-13
  -3.80832197955391594016e-13
  -3.96823819859479475728e-13
  -3.85014728948855981960e-13
  -4.00647158362586910648e-13
  -3.88996897394491421314e-13
  -4.04279873907118764698e-13
  -3.92649517239023519322e-13
  -4.07235153839397604175e-13
  -3.94656993757970436426e-13
  -4.09751354680159701387e-13
  -3.97576858673028009056e-13
  -4.11509203140458467701e-13
  -3.99916933332269846011e-13
  -4.13652992538086265321e-13
  -4.01620560124026361786e-13
  -4.14640606772105643685e-13
  -4.02333544784491076541e-13
  -4.14726140831644837381e-13
  -4.02745078667638621983e-13
  -4.14951087586493421476e-13
  -4.02094828289400143852e-13
  -4.15500780059239069224e-13
  -4.02204368246664777941e-13
  -4.13851460918836973505e-13
  -3.99906880850055625682e-13
  -4.13494174405891383677e-13
  -3.99418530073560891254e-13
  -4.11696231221991523177e-13
  -3.97266535263948851854e-13
  -4.09987055843823744195e-13
  -3.95779280875360181742e-13
  -4.08071234631673884233e-13
  -3.93143744962950780274e-13
  -4.05778184266501737833e-13
  -3.91106471607624640468e-13
  -4.02848509546526777783e-13
  -3.90327446231168084138e-13
  -4.03803127821148948941e-13
  -3.93724672536480930654e-13
  -4.25147902474037849760e-13
  -5.81621484675605076553e-13
  -2.62971561322614110504e-12
  -2.32333240892038451828e-11
  -2.09975484260265386391e-10
  -1.71655613279370598897e-09
  -1.25092024868353342690e-08
  -8.09283751086283414025e-08
  -4.63521605121693233012e-07
  -2.34445857225119378694e-06
  -1.04452057032561787639e-05
  -4.08639404228685235274e-05
  -1.39644787385536267880e-04
  -4.12330359004280545127e-04
  -1.02914689850291517920e-03
  -2.09768894447066867048e-03
  -3.38561028569183504119e-03
  -4.34040297595330009511e-03
  -4.61546321228593903196e-03
  -4.28625922332853594859e-03
  -3.61317730154617341651e-03
  -2.81444777700888461996e-03
  -2.03361877301399358517e-03
  -1.35641544083595641870e-03
  -8.26973403088733993380e-04
  -4.55459451601288500735e-04
  -2.24072052314516778366e-04
  -9.76027633807367346087e-05
  -3.74306644641914112678e-05
  -1.26051466174966389608e-05
  -3.72602026735650380392e-06
  -9.67660291382171651437e-07
  -2.21155943109903904869e-07
  -4.45716624345029559689e-08
  -7.93941212775555393798e-09
  -1.25282159777937855036e-09
  -1.75355250198623423386e-10
  -2.15762848107019550964e-11
  -2.08093480719951473568e-12
  +1.38208104287210408828e-13
  +3.42295685638300027257e-13
  +3.78403443573589700939e-13
  +3.75320736811051276171e-13
  +3.90409528054433556907e-13
  +3.81447747856108167980e-13
  +3.95416091011370046452e-13
  +3.86204211150329439385e-13
  +4.00966198274090413042e-13
  +3.91045556074370375227e-13
  +4.03674358655022911459e-13
  +3.90807894763887124794e-13
  +4.05977993340252020201e-13
  +3.96489069904246612494e-13
  +4.08142534522743691062e-13
  +3.97783003100714609591e-13
  +4.09572303163953075382e-13
  +3.99837595126654736698e-13
  +4.12493042598411391724e-13
  +4.01569131059232155579e-13
  +4.13690652730323019547e-13
  +4.02687525090456480010e-13
  +4.14704475195355683836e-13
  +4.01980972132595448081e-13
  +4.14675547327574838065e-13
  +4.03143733293282747654e-13
  +4.15060657213540988833e-13
  +4.01826865721934039972e-13
  +4.13439282304029839172e-13
  +4.01734983622816704483e-13
  +4.13284518843500656740e-13
  +4.00058036143252131027e-13
  +4.13075497685798678587e-13
  +3.98921325245883161097e-13
  +4.09150263184854684967e-13
  +3.98108029496413483887e-13
  +4.07506027457691808174e-13
  +3.95970223720071092799e-13
  +4.04287811828858988963e-13
  +3.91269301952059617525e-13
  +4.03879909290396790745e-13
  +3.90938034250188951451e-13
  +4.03507367205096580306e-13
  +3.92299134347101445272e-13
  +4.15832590329911432051e-13
  +4.72831858477132784011e-13
  +1.39592699274567346074e-12
  +1.09788269467295720515e-11
  +1.01219568124199433720e-10
  +8.58204119349486290023e-10
  +6.50233840906805143681e-09
  +4.37843563278963514346e-08
  +2.61244697843474211521e-07
  +1.37764896265676192250e-06
  +6.40482723626176979321e-06
  +2.61774477586735124235e-05
  +9.36574057703668796590e-05
  +2.90904469018708506257e-04
  +7.70649531868364658441e-04
  +1.68839795793047074170e-03
  +2.95321453935310038880e-03
  +4.07873266846624314003e-03
  +4.58987364759855156343e-03
  +4.43849149918710411677e-03
  +3.85469572627893065572e-03
  +3.08044905328274873368e-03
  +2.28333185266769902316e-03
  +1.56586365489435491195e-03
  +9.85179906900274585113e-04
  +5.62158005215017647464e-04
  +2.87512534458821621911e-04
  +1.30537515598196557408e-04
  +5.22573724540800741193e-05
  +1.83803876858102059990e-05
  +5.67425784253475074236e-06
  +1.53836895358099947708e-06
  +3.66813652060627283007e-07
  +7.70735617408836797748e-08
  +1.43020741155438073986e-08
  +2.34929864791696496218e-09
  +3.42270818843358395995e-10
  +4.40929145468114485354e-11
  +4.78428260707225749114e-12
  +1.60904164784625096831e-13
  -3.15836989351575060943e-13
  -3.73055296575748368626e-13
  -3.84524535445858260482e-13
  -3.88458560853943469241e-13
  -3.92448046192893954611e-13
  -3.94638291833646529136e-13
  -3.96883942378904236993e-13
  -3.98845118761061542712e-13
  -4.01504831800466248776e-13
  -4.02494759258220874103e-13
  -4.04049262500083564544e-13
  -4.05961076602663732779e-13
  -4.07223241754956846357e-13
  -4.08079809373642608889e-13
  -4.09436113507366033561e-13
  -4.10563403844268393881e-13
  -4.11672214905171435078e-13
  -4.12490725422958749527e-13
  -4.12672256276373689987e-13
  -4.13518356631564269333e-13
  -4.14523116505199200169e-13
  -4.14566734725760024295e-13
  -4.14689946808124025369e-13
  -4.14679467623743060818e-13
  -4.14934730166532272279e-13
</dep>
<dep _net0.Vt time>
  +0.00000000000000000000e+00
  +1.38197339634655497198e-01
  +2.76198290822858238958e-01
  +4.13806907172405313844e-01
  +5.50833482504379245981e-01
  +6.87261987647754812869e-01
  +8.28913303118661404234e-01
  +1.03397506518370074780e+00
  +1.29491545049592393646e+00
  +1.55759101482352413370e+00
  +1.81698461769904606733e+00
  +2.07260704364663128629e+00
  +2.32409158054201370192e+00
  +2.57108464963435023876e+00
  +2.81323843653151861588e+00
  +3.05021241562688549820e+00
  +3.28167386149798101513e+00
  +3.50729836824779273030e+00
  +3.72677036713169540505e+00
  +3.93978364192875174510e+00
  +4.14604184423531485493e+00
  +4.34525901086866372935e+00
  +4.53716008647872648396e+00
  +4.72148145555501574933e+00
  +4.89797148945840454815e+00
  +5.06639111603251013349e+00
  +5.22651442193936244252e+00
  +5.37812930137458611313e+00
  +5.52103816960990112506e+00
  +5.65505876639456239729e+00
  +5.78002508333740117052e+00
  +5.89578846198124306710e+00
  +6.00221892672156798199e+00
  +6.09920684515901445621e+00
  +6.18666501309780603179e+00
  +6.26453138208401227871e+00
  +6.33277258653025754143e+00
  +6.39138859311204754476e+00
  +6.44041880546337885960e+00
  +6.47994994411966285242e+00
  +6.51012597711595564220e+00
  +6.53115979934707624466e+00
  +6.54334539710485962871e+00
  +6.54706722765956428134e+00
  +6.54280082466753665216e+00
  +6.53109660172547012991e+00
  +6.51254090718774758528e+00
  +6.48769797013032611943e+00
  +6.45705066251031567504e+00
  +6.42096467270724691190e+00
  +6.37968925663832919781e+00
  +6.33338616102662221863e+00
  +6.28216632960279497411e+00
  +6.22611877230210364331e+00
  +6.16532735738520720759e+00
  +6.09987849561341999305e+00
  +6.02986396766391852253e+00
  +5.95538168829410086147e+00
  +5.87653572151040037852e+00
  +5.79343986611805483733e+00
  +5.70620080925163453145e+00
  +5.61493831277092336762e+00
  +5.51981390454871334583e+00
  +5.42086224913587511054e+00
  +5.31847850426984170014e+00
  +5.21251058942592493395e+00
  +5.10327452981484164241e+00
  +4.99077552993700113149e+00
  +4.87539246587452090864e+00
  +4.75706116360019848344e+00
  +4.63601021108605060306e+00
  +4.51256203872759531492e+00
  +4.38665153353423864502e+00
  +4.25871685743741590358e+00
  +4.12865782514651336044e+00
  +3.99693287799407537264e+00
  +3.86357438917975581916e+00
  +3.72875114222701631306e+00
  +3.59262768422144596059e+00
  +3.45553407779276566814e+00
  +3.31760384881260783629e+00
  +3.17907196638066880112e+00
  +3.04002807017543874579e+00
  +2.90067350708270987880e+00
  +2.76140663722716395156e+00
  +2.62218499058888676601e+00
  +2.48320416146658118350e+00
  +2.34486313296649706572e+00
  +2.20716709002006439277e+00
  +2.07035549708287103243e+00
  +1.93465500206831242380e+00
  +1.80042094417575260223e+00
  +1.66749439604837523810e+00
  +1.53615840953430038418e+00
  +1.40678376979473096497e+00
  +1.27959590348449281372e+00
  +1.15440005340912343890e+00
  +1.03169450805562235018e+00
  +9.11660235920036088331e-01
  +7.94262737802316487468e-01
  +6.79770141902192981398e-01
  +5.68327126496571688463e-01
  +4.60027177462158598509e-01
  +3.55278854154605139293e-01
  +2.53896464266634869222e-01
  +1.56356901623270511115e-01
  +6.28021010203595880794e-02
  -2.70379964596829669432e-02
  -1.12880671480987015975e-01
  -1.94550820553190451090e-01
  -2.71930123520838562534e-01
  -3.44909565101030601841e-01
  -4.13386862242739461237e-01
  -4.77265398638358651073e-01
  -5.36451701923256640825e-01
  -5.90845431850301028298e-01
  -6.40306845854997308543e-01
  -6.84570648672026549342e-01
  -7.23073906860779325179e-01
  -7.54765898820193958940e-01
  -7.78266717376148720042e-01
  -7.92793920808932184308e-01
  -7.99127762603802582753e-01
  -7.99206377960118174997e-01
  -7.94888328167337454566e-01
  -7.87308124170913559148e-01
  -7.76917705314547957229e-01
  -7.63713932321843702589e-01
  -7.47423860999692823981e-01
  -7.27634830018617839720e-01
  -7.03897533965160970837e-01
  -6.75811398042868161085e-01
  -6.43081452674760356558e-01
  -6.05535345807828195852e-01
  -5.63105570964690271829e-01
  -5.15796272842876879494e-01
  -4.63653072996383530668e-01
  -4.06743690819194814168e-01
  -3.45148255219539012995e-01
  -2.78955319612373520144e-01
  -2.08260504458879308620e-01
  -1.33165853491607588666e-01
  -5.37781255159571550117e-02
  +2.98046686998611025377e-02
  +1.17408577008639228301e-01
  +2.08910208075979014763e-01
  +3.04274604361943534769e-01
  +4.03287065810372213903e-01
  +5.05818395011281451978e-01
  +6.11730595647298036610e-01
  +7.20689091715492891055e-01
  +8.32873679489259388653e-01
  +9.48010416413151979498e-01
  +1.06576123323998106507e+00
  +1.18623636840089496935e+00
  +1.30909946594094650507e+00
  +1.43411801306647301857e+00
  +1.56117120379554852327e+00
  +1.69013098212722612246e+00
  +1.82067842721420691809e+00
  +1.95285148108551753765e+00
  +2.08612627503860448286e+00
  +2.22066423489393338642e+00
  +2.35594281884209255651e+00
  +2.49189329246442792254e+00
  +2.62840787278011678296e+00
  +2.76534987027499479240e+00
  +2.90237992498423347243e+00
  +3.03940053712934199481e+00
  +3.17624290810447229561e+00
  +3.31250034343112398361e+00
  +3.44808498069117908003e+00
  +3.58297529830209837698e+00
  +3.71674227694966496927e+00
  +3.84916009598902997269e+00
  +3.98034710910431854813e+00
  +4.10978144485734109281e+00
  +4.23750836059708912984e+00
  +4.36304123236807406272e+00
  +4.48672963102883759490e+00
  +4.60809525696398125660e+00
  +4.72672112018669743350e+00
  +4.84275111708158245705e+00
  +4.95595304639463396512e+00
  +5.06611401224384039210e+00
  +5.17307641266555151560e+00
  +5.27686099424744536890e+00
  +5.37709869193463418924e+00
  +5.47363335392608796326e+00
  +5.56659947943641864043e+00
  +5.65564562241431545431e+00
  +5.74059640946366567249e+00
  +5.82141065865493434472e+00
  +5.89797177923451254600e+00
  +5.97016948815215098278e+00
  +6.03789955474212902686e+00
  +6.10106461329896987422e+00
  +6.15957564394655765483e+00
  +6.21335813044132390104e+00
  +6.26237282367767900126e+00
  +6.30667485177994180390e+00
  +6.34654364227142497867e+00
  +6.38268696659662104764e+00
  +6.41629769900134760974e+00
  +6.44844670094230298929e+00
  +6.47894496468435399095e+00
  +6.50611366090917631055e+00
  +6.52797871813337327040e+00
  +6.54306554750384350427e+00
  +6.55069327938855838767e+00
  +6.55071943198988293489e+00
  +6.54334474490470263675e+00
  +6.52896993224989863336e+00
  +6.50808338356106741429e+00
  +6.48116772463519197345e+00
  +6.44863072223275235473e+00
  +6.41077395781338399416e+00
  +6.36780033843256809689e+00
  +6.31984427101596502041e+00
  +6.26700399670917285277e+00
  +6.20936445398831704523e+00
  +6.14700949153553644067e+00
  +6.08002704186594122859e+00
  +6.00851086276893564531e+00
  +5.93256086893595036003e+00
  +5.85228231068112059177e+00
  +5.76779983221863901122e+00
  +5.67924348430629866158e+00
  +5.58669246156077381471e+00
  +5.49035632933850692439e+00
  +5.39029788039812096656e+00
  +5.28644649354290230292e+00
  +5.17944592771582090762e+00
  +5.06907623565790022013e+00
  +4.95559010897448537492e+00
  +4.83921085410444273833e+00
  +4.71998034854046988329e+00
  +4.59810930494051639528e+00
  +4.47375043617100054405e+00
  +4.34728030481745975067e+00
  +4.21853192413493527368e+00
  +4.08787572656330056020e+00
  +3.95559613628718365064e+00
  +3.82156466491174429123e+00
  +3.68653817982398468445e+00
  +3.55012661098303050622e+00
  +3.41273573259899354326e+00
  +3.27466560922415217405e+00
  +3.13584560861569983103e+00
  +2.99679515405851448762e+00
  +2.85742741132306754537e+00
  +2.71796854366107698553e+00
  +2.57873140315888393914e+00
  +2.43999878108239887098e+00
  +2.30181507823613085151e+00
  +2.16451732178296252229e+00
  +2.02829233917821794009e+00
  +1.89306435776131398718e+00
  +1.75920861559328023382e+00
  +1.62692773457447592556e+00
  +1.49618959040800580951e+00
  +1.36752039447703688246e+00
  +1.24093927261763692371e+00
  +1.11659222212641195959e+00
  +9.94803206157557018408e-01
  +8.75547200393253621797e-01
  +7.58976625672759364072e-01
  +6.45615816698930533590e-01
  +5.35237741915538189907e-01
  +4.28050487513291721964e-01
  +3.24410172577787980774e-01
  +2.24265786534310895828e-01
  +1.27834165560051032928e-01
  +3.53921332224458595750e-02
  -5.31823679847097177675e-02
  -1.37652123950616933623e-01
  -2.17905864238957497347e-01
  -2.93831452516824132015e-01
  -3.65322421136457686774e-01
  -4.32278488847851138921e-01
  -4.94604689107347339494e-01
  -5.52207587710988212493e-01
  -6.04981332546323469224e-01
  -6.52765723465356662025e-01
  -6.95249904264933826781e-01
  -7.31769676971600890880e-01
  -7.61169573916718356088e-01
  -7.82128214881658512247e-01
  -7.94231967253557824549e-01
  -7.98657730229232698527e-01
  -7.97400546063483539605e-01
  -7.92114255411654699657e-01
  -7.83709393302492340894e-01
  -7.72484764565825265947e-01
  -7.58345323244797309137e-01
  -7.40975748193514971440e-01
  -7.19944865791325883109e-01
  -6.94810257411931586624e-01
  -6.65211534026599493608e-01
  -6.30894372330049302278e-01
  -5.91725953937593751597e-01
  -5.47667648200760748267e-01
  -4.98741015065313986199e-01
  -4.45001009390944890498e-01
  -3.86520353398337845885e-01
  -3.23382303226190381817e-01
  -2.55677873406037536874e-01
  -1.83504769669293466006e-01
  -1.06968416673714594722e-01
  -2.61744628727527649248e-02
  +5.87503015681544102367e-02
  +1.47802142352551069138e-01
  +2.40670098431591872323e-01
  +3.37200947221753588590e-01
  +4.37435933803098364603e-01
  +5.41127492575307567080e-01
  +6.48050314465408838771e-01
  +7.58079611441056844257e-01
  +8.71231396852923167806e-01
  +9.87305083763260094010e-01
  +1.10600859160382758439e+00
  +1.22724138964659323925e+00
  +1.35077495067458919209e+00
  +1.47652536954729973750e+00
  +1.60427690797010535917e+00
  +1.73373228346456698112e+00
  +1.86480742109131369943e+00
  +1.99736552359217656161e+00
  +2.13105279914882972392e+00
  +2.26593192868719617294e+00
  +2.40156573609534396141e+00
  +2.53796548740469862793e+00
  +2.67468164977795241910e+00
  +2.81168150864326893412e+00
  +2.94883774208592752686e+00
  +3.08573155936094511986e+00
</dep>
<dep _net1.Vt time>
  +0.00000000000000000000e+00
  +1.38197339488890180714e-01
  +2.76198283291532398209e-01
  +4.13806581904497594593e-01
  +5.50820837714319444522e-01
  +6.86867652647498050378e-01
  +8.15738943843465347250e-01
  +8.78862647608877889382e-01
  +8.83389481068998838609e-01
  +8.83085645011711939389e-01
  +8.82595435321928190042e-01
  +8.82040151586894194402e-01
  +8.81424041564827343009e-01
  +8.80744186244754034831e-01
  +8.79998375464059678919e-01
  +8.79184080885755614432e-01
  +8.78298432098232439991e-01
  +8.77338174174011498074e-01
  +8.76299615666775166822e-01
  +8.75178566926261058967e-01
  +8.73970265908400989474e-01
  +8.72669288666094278284e-01
  +8.71269440814548268293e-01
  +8.69763625195600464934e-01
  +8.68143679543466495474e-01
  +8.66400176050435844033e-01
  +8.64522172163260105293e-01
  +8.62496898453153804098e-01
  +8.60309364633281781209e-01
  +8.57941858238092436295e-01
  +8.55373301413406839089e-01
  +8.52578418701806839408e-01
  +8.49526651293583956459e-01
  +8.46180724802440664689e-01
  +8.42494773029610843906e-01
  +8.38411799525948797651e-01
  +8.33860319636487989925e-01
  +8.28749860102118596217e-01
  +8.22964982978725778651e-01
  +8.16357513743197316103e-01
  +8.08736698024700828569e-01
  +7.99857588730440660640e-01
  +7.89408927056455489435e-01
  +7.77003787451226557437e-01
  +7.62178975715728235230e-01
  +7.44411207914027706067e-01
  +7.23156017003253381858e-01
  +6.97905747354002237159e-01
  +6.68248712197446081973e-01
  +6.33904918924196536523e-01
  +5.94725196191819627245e-01
  +5.50662128428693442572e-01
  +5.01733187155511295430e-01
  +4.47991679443068946398e-01
  +3.89509752882657878104e-01
  +3.26370492304850046139e-01
  +2.58664858363801819507e-01
  +1.86490589484187729852e-01
  +1.09951716659323572856e-01
  +2.91620335096149929655e-02
  -5.57717732782743169651e-02
  -1.44729941582349752593e-01
  -2.37550943173557627119e-01
  -3.34200113133706899760e-01
  -4.34282293357076021323e-01
  -5.37949564000123281460e-01
  -6.44885899484043179086e-01
  -7.55086094940459418012e-01
  -8.68171273919454478118e-01
  -9.84205610080572945719e-01
  -1.10296051508427783716e+00
  -1.22411355816768274707e+00
  -1.34772985195416694637e+00
  -1.47337123414521631304e+00
  -1.60113788966452208484e+00
  -1.73057137681275463592e+00
  -1.86163932202363069379e+00
  -1.99417294140720136042e+00
  -2.12800768751153146496e+00
  -2.26281349734071346447e+00
  -2.39845684465706421307e+00
  -2.53470275999498761976e+00
  -2.67146160331023851953e+00
  -2.80853202735141316282e+00
  -2.94551567162837679703e+00
  -3.08245500579571762856e+00
  -3.21915443518956667646e+00
  -3.35521497633864917987e+00
  -3.49063144394665769710e+00
  -3.62516437319327211597e+00
  -3.75858711580051174650e+00
  -3.89054433220456674647e+00
  -4.02119494939797039734e+00
  -4.15025591516844549744e+00
  -4.27735644399078829281e+00
  -4.40227110884631311905e+00
  -4.52519466656577051822e+00
  -4.64562882829859713496e+00
  -4.76339262518532180479e+00
  -4.87852055606272561050e+00
  -4.99074449236794226437e+00
  -5.09991975546108466943e+00
  -5.20595285910260763274e+00
  -5.30843524357416640669e+00
  -5.40755260082051325554e+00
  -5.50282803665429653961e+00
  -5.59411961591836170982e+00
  -5.68169739717930255551e+00
  -5.76527866084960027848e+00
  -5.84468830405502171033e+00
  -5.91980801399190870171e+00
  -5.99052882893757132621e+00
  -6.05674879833159174325e+00
  -6.11837311288225560446e+00
  -6.17531689730323130050e+00
  -6.22751546466641769939e+00
  -6.27495708402539342785e+00
  -6.31776934613659957307e+00
  -6.35639144458330829224e+00
  -6.39176450161471354505e+00
  -6.42517312130092488331e+00
  -6.45731887393577608236e+00
  -6.48735518120958509769e+00
  -6.51329222395105400523e+00
  -6.53323447119698208496e+00
  -6.54602520916242802684e+00
  -6.55120509404976303358e+00
  -6.54878466958934968289e+00
  -6.53905908281375580771e+00
  -6.52247796472606200524e+00
  -6.49954230471199245756e+00
  -6.47071900239174002678e+00
  -6.43638389876960026470e+00
  -6.39680464900285716823e+00
  -6.35215835892364211190e+00
  -6.30256462366073932913e+00
  -6.24811552622004029445e+00
  -6.18889482060288731446e+00
  -6.12498740967913946065e+00
  -6.05648307976528688101e+00
  -5.98347772872409766620e+00
  -5.90607345471556133276e+00
  -5.82437702568300785799e+00
  -5.73848645348714736514e+00
  -5.64857569010134596965e+00
  -5.55476812651046181202e+00
  -5.45709871988823458366e+00
  -5.35578216992331235247e+00
  -5.25094767365704750972e+00
  -5.14273322703831325953e+00
  -5.03147340570168566387e+00
  -4.91698841300555500311e+00
  -4.79955219113730979785e+00
  -4.67950280897621873066e+00
  -4.55673002772336488420e+00
  -4.43157020296606862786e+00
  -4.30425584713051989638e+00
  -4.17490776583130962507e+00
  -4.04365401470221552671e+00
  -3.91081351422348433289e+00
  -3.77634832199921000040e+00
  -3.64078230636520361330e+00
  -3.50395404113440145366e+00
  -3.36638606774976834046e+00
  -3.22814712026365668862e+00
  -3.08934498129073142891e+00
  -2.95011633997915101446e+00
  -2.81080055592787969587e+00
  -2.67149512854968795850e+00
  -2.53236885608485717825e+00
  -2.39382843264645650549e+00
  -2.25596172028733477077e+00
  -2.11879024022489836909e+00
  -1.98274301140837616586e+00
  -1.84804585411777599901e+00
  -1.71458041430427998719e+00
  -1.58286856304153022990e+00
  -1.45286504261612847699e+00
  -1.32505647661931202919e+00
  -1.19909329382843132805e+00
  -1.07545379349490666243e+00
  -9.54554965241733555104e-01
  -8.36252912320645691580e-01
  -7.20779835622114006810e-01
  -6.08348630664768741383e-01
  -4.99116899049022677559e-01
  -3.93063893824110444086e-01
  -2.90558679681981679721e-01
  -1.91757408060907685865e-01
  -9.65255793839592257655e-02
  -5.21463934435928422317e-03
  +8.20000389782888916557e-02
  +1.65077273592908468913e-01
  +2.43900470617846032440e-01
  +3.18359321852923926599e-01
  +3.88349432098607394437e-01
  +4.53772497167014066122e-01
  +5.14534807727414111866e-01
  +5.70541386343871081976e-01
  +6.21675465784438330274e-01
  +6.67739601051220432737e-01
  +7.08325949359171147535e-01
  +7.42612408111082089590e-01
  +7.69306018483016273990e-01
  +7.87250223248709524171e-01
  +7.96562844955140292313e-01
  +7.98866139474069925086e-01
  +7.96092296977443325545e-01
  +7.89688776657490265620e-01
  +7.80324108688972728487e-01
  +7.68143243150744226000e-01
  +7.52962712958133550956e-01
  +7.34413856192179359539e-01
  +7.12055069652983263495e-01
  +6.85465181531468736864e-01
  +6.54312459377123900595e-01
  +6.18385828313543051138e-01
  +5.77587231522450395005e-01
  +5.31901306996954481576e-01
  +4.81362883987506151584e-01
  +4.26033930707849783914e-01
  +3.65991133694945069976e-01
  +3.01320492176963661279e-01
  +2.32115309956469673125e-01
  +1.58475408734876310746e-01
  +8.05060223488327508790e-02
  -1.66820729962680047720e-03
  -8.79172294621239913681e-02
  -1.78161849198045452169e-01
  -2.72192500786952784608e-01
  -3.69946391101799498813e-01
  -4.71494140970618147435e-01
  -5.76191991081866916602e-01
  -6.84259888326096188393e-01
  -7.95445140729664323942e-01
  -9.09524441485578982736e-01
  -1.02645591273314540359e+00
  -1.14602884144656957943e+00
  -1.26809051439173092746e+00
  -1.39226436861554514479e+00
  -1.51871739049557241685e+00
  -1.64707914722466508550e+00
  -1.77706521425110119949e+00
  -1.90880407960274833812e+00
  -2.04153887552579282882e+00
  -2.17565967169443519325e+00
  -2.31076069353204127665e+00
  -2.44654187611995688201e+00
  -2.58307385133474998185e+00
  -2.71983719552546743259e+00
  -2.85691874255569766561e+00
  -2.99409232880793618747e+00
  -3.13104510183018902580e+00
  -3.26749426999104874980e+00
  -3.40339543212065587241e+00
  -3.53841156069092344083e+00
  -3.67235582788146075472e+00
  -3.80530400598794127376e+00
  -3.93688085658456543570e+00
  -4.06688375740635521538e+00
  -4.19534483238572519781e+00
  -4.32173786977517782049e+00
  -4.44604374337445751308e+00
  -4.56811645552291789585e+00
  -4.68763204270247335614e+00
  -4.80461552886719722721e+00
  -4.91891449281422676876e+00
  -5.03000459947725797605e+00
  -5.13811288004919930472e+00
  -5.24303124797617581265e+00
  -5.34440358380957913909e+00
  -5.44228089776127443855e+00
  -5.53644635329148826486e+00
  -5.62662312647213891381e+00
  -5.71293327446808429926e+00
  -5.79513958302051079841e+00
  -5.87313078315893033476e+00
  -5.94679475201229834624e+00
  -6.01602511421888586085e+00
  -6.08072213590691390550e+00
  -6.14079369567136801322e+00
  -6.19615929297891820937e+00
  -6.24676424547089936823e+00
  -6.29262184649533828917e+00
  -6.33390988185818404332e+00
  -6.37117350463817100348e+00
  -6.40546333224994679512e+00
  -6.43801023833249796979e+00
  -6.46915182118859632965e+00
  -6.49764972763365555863e+00
  -6.52146212907722144791e+00
  -6.53890313266582090534e+00
  -6.54904493085886407755e+00
  -6.55158625054494869744e+00
  -6.54663447713843549280e+00
  -6.53453206144636755681e+00
  -6.51575205839965132526e+00
  -6.49079346007233759508e+00
  -6.46008784068150454516e+00
  -6.42397521930158443837e+00
  -6.38268849889606926240e+00
  -6.33638064124715771896e+00
  -6.28515850178443002960e+00
  -6.22910944231381158431e+00
  -6.16831675760713427081e+00
  -6.10286668340613580597e+00
  -6.03285096347960614338e+00
  -5.95836745913056553547e+00
  -5.87952162387233912000e+00
  -5.79641911061126879900e+00
  -5.70918670984938003699e+00
  -5.61782815560108517161e+00
  -5.52265440855301825707e+00
  -5.42381869092444102165e+00
  -5.32127975726787472155e+00
  -5.21528517281502246306e+00
  -5.10606024627037946573e+00
  -4.99372976529795664646e+00
  -4.87827771617889371925e+00
  -4.75990468548289058504e+00
  -4.63890275341030111633e+00
  -4.51537245032140788226e+00
  -4.38954230306557224850e+00
  -4.26149621641586495713e+00
  -4.13144992829959711855e+00
  -3.99970072082804461999e+00
  -3.86633266857356439061e+00
  -3.73148256842745773554e+00
  -3.59550421184133472963e+00
  -3.45833491752269850394e+00
  -3.32041186121705811374e+00
  -3.18172377652670590464e+00
  -3.04272019592281273148e+00
  -2.90343383361123175135e+00
  -2.76399201114084291930e+00
  -2.62481351889093517116e+00
</dep>
<dep Transf_in.Vt time>
  +0.00000000000000000000e+00
  +8.29184018738559913686e+00
  +1.65718972161451993941e+01
  +2.48284046721659699131e+01
  +3.30496296065665546848e+01
  +4.12238892088594113261e+01
  +4.93395674088638571675e+01
  +5.73851313837773133741e+01
  +6.53491479469476814756e+01
  +7.32202997950570591001e+01
  +8.09874015906291475630e+01
  +8.86394158570057868474e+01
  +9.61654686632052317918e+01
  +1.03554865076373161514e+02
  +1.10797104359867375933e+02
  +1.17881894895379261357e+02
  +1.24799168807886431409e+02
  +1.31539096272654148834e+02
  +1.38092099483954115158e+02
  +1.44448866265650423202e+02
  +1.50600363304311485990e+02
  +1.56537848986042774868e+02
  +1.62252885818798262108e+02
  +1.67737352422518512185e+02
  +1.72983455070056152181e+02
  +1.77983738762488428620e+02
  +1.82731097823078783904e+02
  +1.87218785994832217057e+02
  +1.91440426027295615086e+02
  +1.95390018738979790669e+02
  +1.99061951542524298020e+02
  +2.02451006420491495419e+02
  +2.05552367340454651412e+02
  +2.08361627098843740669e+02
  +2.10874793583822679466e+02
  +2.13088295448298822521e+02
  +2.14998987185002562228e+02
  +2.16604153596425163641e+02
  +2.17901513653263265269e+02
  +2.18889223735886048416e+02
  +2.19565880254219734979e+02
  +2.19930521642325999210e+02
  +2.19982629724839540586e+02
  +2.19722130453323842403e+02
  +2.19149394011497946622e+02
  +2.18265234289185116268e+02
  +2.17070907725730990023e+02
  +2.15568111524534316459e+02
  +2.13758981241228269710e+02
  +2.11646087748938896311e+02
  +2.09232433584933801285e+02
  +2.06521448683852298700e+02
  +2.03516985503580770001e+02
  +2.00223313550699060670e+02
  +1.96645113313278045553e+02
  +1.92787469609649974700e+02
  +1.88655864362603523432e+02
  +1.84256168809271201781e+02
  +1.79594635157780487589e+02
  +1.74677887702523804592e+02
  +1.69512913410673633052e+02
  +1.64107051993320084193e+02
  +1.58467985475339474988e+02
  +1.52603727278817160595e+02
  +1.46522610835535374463e+02
  +1.40233277744711756441e+02
  +1.33744665492813226138e+02
  +1.27065994752898873799e+02
  +1.20206756281539227871e+02
  +1.13176697431931387428e+02
  +1.05985808302377435552e+02
  +9.86443075398071016480e+01
  +9.11626278185225515927e+01
  +8.35514010147963119834e+01
  +7.58214430983937575093e+01
  +6.79837387624884570414e+01
  +6.00494258138115952761e+01
  +5.20297793452195094233e+01
  +4.39361957131695533008e+01
  +3.57801763428744337148e+01
  +2.75733113841469972272e+01
  +1.93272632411635925109e+01
  +1.10537499995493249116e+01
  +2.76452877433762411741e+00
  -5.52862099753426505799e+00
  -1.38139142964489369803e+01
  -2.20795772672672399040e+01
  -3.03138639506204086160e+01
  -3.85050729745607398513e+01
  -4.66415641828519085266e+01
  -5.47117751762681052696e+01
  -6.27042377433946711562e+01
  -7.06075941575859928889e+01
  -7.84106133169151320317e+01
  -8.61022067041844678670e+01
  -9.36714441443158989387e+01
  -1.01107569336727308951e+02
  -1.08400015140624105925e+02
  -1.15538418591484983722e+02
  -1.22512635627401351712e+02
  -1.29312755504344067958e+02
  -1.35929114879873566224e+02
  -1.42352311545277757432e+02
  -1.48573217786625292547e+02
  -1.54582993355746879161e+02
  -1.60373098032710487360e+02
  -1.65935303761942776646e+02
  -1.71261706344745192609e+02
  -1.76344736671592812627e+02
  -1.81177171478253910664e+02
  -1.85752143610443368971e+02
  -1.90063151782423744862e+02
  -1.94104069815689655343e+02
  -1.97869155344601580282e+02
  -2.01353057976601860446e+02
  -2.04550826895415241324e+02
  -2.07457917896430160454e+02
  -2.10070199844261452427e+02
  -2.12383960543320227998e+02
  -2.14395912013046967104e+02
  -2.16103195160311514655e+02
  -2.17503383842341094123e+02
  -2.18594488314401843354e+02
  -2.19374958057335049944e+02
  -2.19843683980929654354e+02
  -2.20000000000000000000e+02
  -2.19843683980929654354e+02
  -2.19374958057335078365e+02
  -2.18594488314401843354e+02
  -2.17503383842341094123e+02
  -2.16103195160311514655e+02
  -2.14395912013046967104e+02
  -2.12383960543320284842e+02
  -2.10070199844261480848e+02
  -2.07457917896430160454e+02
  -2.04550826895415355011e+02
  -2.01353057976601888868e+02
  -1.97869155344601722391e+02
  -1.94104069815689683765e+02
  -1.90063151782423773284e+02
  -1.85752143610443425814e+02
  -1.81177171478254081194e+02
  -1.76344736671592869470e+02
  -1.71261706344745249453e+02
  -1.65935303761942890333e+02
  -1.60373098032710544203e+02
  -1.54582993355746907582e+02
  -1.48573217786625434655e+02
  -1.42352311545277757432e+02
  -1.35929114879873651489e+02
  -1.29312755504344124802e+02
  -1.22512635627401493821e+02
  -1.15538418591485154252e+02
  -1.08400015140624162768e+02
  -1.01107569336727465270e+02
  -9.36714441443160552581e+01
  -8.61022067041845531321e+01
  -7.84106133169151036100e+01
  -7.06075941575861634192e+01
  -6.27042377433947564214e+01
  -5.47117751762681763239e+01
  -4.66415641828522709034e+01
  -3.85050729745609103816e+01
  -3.03138639506202913765e+01
  -2.20795772672673180637e+01
  -1.38139142964491128396e+01
  -5.52862099753434588223e+00
  +2.76452877433734789392e+00
  +1.10537499995493426752e+01
  +1.93272632411634148752e+01
  +2.75733113841469190675e+01
  +3.57801763428742560791e+01
  +4.39361957131694751411e+01
  +5.20297793452192394170e+01
  +6.00494258138116236978e+01
  +6.79837387624883717763e+01
  +7.58214430983937717201e+01
  +8.35514010147961414532e+01
  +9.11626278185222957973e+01
  +9.86443075398069453286e+01
  +1.05985808302377449763e+02
  +1.13176697431931387428e+02
  +1.20206756281539057341e+02
  +1.27065994752898802744e+02
  +1.33744665492812998764e+02
  +1.40233277744711756441e+02
  +1.46522610835535289198e+02
  +1.52603727278817075330e+02
  +1.58467985475339418144e+02
  +1.64107051993319913663e+02
  +1.69512913410673519365e+02
  +1.74677887702523833013e+02
  +1.79594635157780430745e+02
  +1.84256168809271088094e+02
  +1.88655864362603466589e+02
  +1.92787469609649889435e+02
  +1.96645113313277960287e+02
  +2.00223313550699032248e+02
  +2.03516985503580770001e+02
  +2.06521448683852241857e+02
  +2.09232433584933772863e+02
  +2.11646087748938867890e+02
  +2.13758981241228269710e+02
  +2.15568111524534316459e+02
  +2.17070907725730961602e+02
  +2.18265234289185116268e+02
  +2.19149394011497918200e+02
  +2.19722130453323842403e+02
  +2.19982629724839540586e+02
  +2.19930521642325999210e+02
  +2.19565880254219734979e+02
  +2.18889223735886048416e+02
  +2.17901513653263293691e+02
  +2.16604153596425192063e+02
  +2.14998987185002533806e+02
  +2.13088295448298822521e+02
  +2.10874793583822736309e+02
  +2.08361627098843825934e+02
  +2.05552367340454793521e+02
  +2.02451006420491495419e+02
  +1.99061951542524241177e+02
  +1.95390018738979790669e+02
  +1.91440426027295700351e+02
  +1.87218785994832330744e+02
  +1.82731097823078954434e+02
  +1.77983738762488485463e+02
  +1.72983455070056294289e+02
  +1.67737352422518483763e+02
  +1.62252885818798290529e+02
  +1.56537848986042888555e+02
  +1.50600363304311741786e+02
  +1.44448866265650451624e+02
  +1.38092099483954228845e+02
  +1.31539096272654376207e+02
  +1.24799168807886459831e+02
  +1.17881894895379389254e+02
  +1.10797104359867617518e+02
  +1.03554865076373175725e+02
  +9.61654686632053739004e+01
  +8.86394158570060284319e+01
  +8.09874015906291475630e+01
  +7.32202997950571727870e+01
  +6.53491479469475535780e+01
  +5.73851313837773133741e+01
  +4.93395674088639708543e+01
  +4.12238892088596529106e+01
  +3.30496296065669099562e+01
  +2.48284046721660658363e+01
  +1.65718972161450324165e+01
  +8.29184018738555295158e+00
  +8.08266887437253113776e-14
  -8.29184018738539307947e+00
  -1.65718972161448689917e+01
  -2.48284046721655187184e+01
  -3.30496296065663628383e+01
  -4.12238892088594894858e+01
  -4.93395674088638074295e+01
  -5.73851313837771570547e+01
  -6.53491479469473830477e+01
  -7.32202997950570306784e+01
  -8.09874015906289912436e+01
  -8.86394158570055168411e+01
  -9.61654686632052175810e+01
  -1.03554865076373033617e+02
  -1.10797104359867148560e+02
  -1.17881894895379247146e+02
  -1.24799168807886317722e+02
  -1.31539096272653949882e+02
  -1.38092099483954115158e+02
  -1.44448866265650337937e+02
  -1.50600363304311315460e+02
  -1.56537848986042803290e+02
  -1.62252885818798205264e+02
  -1.67737352422518398498e+02
  -1.72983455070055953229e+02
  -1.77983738762488400198e+02
  -1.82731097823078897591e+02
  -1.87218785994832217057e+02
  -1.91440426027295615086e+02
  -1.95390018738979705404e+02
  -1.99061951542524155911e+02
  -2.02451006420491296467e+02
  -2.05552367340454594569e+02
  -2.08361627098843769090e+02
  -2.10874793583822679466e+02
  -2.13088295448298822521e+02
  -2.14998987185002505385e+02
  -2.16604153596425106798e+02
  -2.17901513653263236847e+02
  -2.18889223735886019995e+02
  -2.19565880254219734979e+02
  -2.19930521642325999210e+02
  -2.19982629724839540586e+02
  -2.19722130453323842403e+02
  -2.19149394011497946622e+02
  -2.18265234289185144689e+02
  -2.17070907725730961602e+02
  -2.15568111524534344881e+02
  -2.13758981241228326553e+02
  -2.11646087748938867890e+02
  -2.09232433584933829707e+02
  -2.06521448683852355543e+02
  -2.03516985503580883687e+02
  -2.00223313550699089092e+02
  -1.96645113313278130818e+02
  -1.92787469609649974700e+02
  -1.88655864362603523432e+02
  -1.84256168809271287046e+02
  -1.79594635157780658119e+02
  -1.74677887702524060387e+02
  -1.69512913410673746739e+02
  -1.64107051993320027350e+02
  -1.58467985475339560253e+02
  -1.52603727278817217439e+02
  -1.46522610835535260776e+02
  -1.40233277744712069079e+02
  -1.33744665492813311403e+02
  -1.27065994752899101172e+02
  -1.20206756281539213660e+02
  -1.13176697431931188476e+02
  -1.05985808302377591872e+02
  -9.86443075398070874371e+01
  -9.11626278185229779183e+01
  -8.35514010147964683028e+01
  -7.58214430983940985698e+01
  -6.79837387624885423065e+01
  -6.00494258138114034296e+01
  -5.20297793452197794295e+01
  -4.39361957131696314605e+01
  -3.57801763428749950435e+01
  -2.75733113841472743388e+01
  -1.93272632411635711946e+01
  -1.10537499995495043237e+01
  -2.76452877433750954239e+00
  +5.52862099753379343525e+00
  +1.38139142964487557919e+01
</dep>
<dep Transf_out.Vt time>
  +0.00000000000000000000e+00
  +2.76394672912853300861e-01
  +5.52396573871506646469e-01
  +8.27613489072199004504e-01
  +1.10165432021888509695e+00
  +1.37412964029531359245e+00
  +1.64465224696212852784e+00
  +1.91283771279257708287e+00
  +2.17830493156492277507e+00
  +2.44067665983523562900e+00
  +2.69958005302097125977e+00
  +2.95464719523352625785e+00
  +3.20551562210684171106e+00
  +3.45182883587910538381e+00
  +3.69323681199557896093e+00
  +3.92939649651264177876e+00
  +4.15997229359621467637e+00
  +4.38463654242180478349e+00
  +4.60306998279847068289e+00
  +4.81496220885501369224e+00
  +5.02001211014371584440e+00
  +5.21792829953475933991e+00
  +5.40842952729327564043e+00
  +5.59124508075061665835e+00
  +5.76611516900187126566e+00
  +5.93279129208294797593e+00
  +6.09103659410262565643e+00
  +6.24062619982774080540e+00
  +6.38134753424318734716e+00
  +6.51300062463265927448e+00
  +6.63539838475081023006e+00
  +6.74836688068304990651e+00
  +6.85174557801515504707e+00
  +6.94538756996145778544e+00
  +7.02915978612742264886e+00
  +7.10294318160996063227e+00
  +7.16663290616675219269e+00
  +7.22013845321417235823e+00
  +7.26338378844210907914e+00
  +7.29630745786286816212e+00
  +7.31886267514065735895e+00
  +7.33101738807753289251e+00
  +7.33275432416131778268e+00
  +7.32407101511079439149e+00
  +7.30497980038326488739e+00
  +7.27550780963950405322e+00
  +7.23569692419103294156e+00
  +7.18560371748447668239e+00
  +7.12529937470760899032e+00
  +7.05486959163129601080e+00
  +6.97441445283112670950e+00
  +6.88404828946174340842e+00
  +6.78389951678602542984e+00
  +6.67411045168996874821e+00
  +6.55483711044260175527e+00
  +6.42624898698833213473e+00
  +6.28852881208678393676e+00
  +6.14187229364237374796e+00
  +5.98648783859268274199e+00
  +5.82259625675079384166e+00
  +5.65043044702245467192e+00
  +5.47023506644400292487e+00
  +5.28226618251131618820e+00
  +5.08679090929390564924e+00
  +4.88408702785117920797e+00
  +4.67444259149039176293e+00
  +4.45815551642710783398e+00
  +4.23553315842996269680e+00
  +4.00689187605130747727e+00
  +3.77255658106437952171e+00
  +3.53286027674591451841e+00
  +3.28814358466023648475e+00
  +3.03875426061741826800e+00
  +2.78504670049321045866e+00
  +2.52738143661312530952e+00
  +2.26612462541628190138e+00
  +2.00164752712705329429e+00
  +1.73432597817398370665e+00
  +1.46453985710565182110e+00
  +1.19267254476248107942e+00
  +9.19110379471566596443e-01
  +6.44242108038786454038e-01
  +3.68458333318310848892e-01
  +9.21509591445874715054e-02
  -1.84287366584475503783e-01
  -4.60463809881631214171e-01
  -7.35985908908908026405e-01
  -1.01046213168734699828e+00
  -1.28350243248535789142e+00
  -1.55471880609506363236e+00
  -1.82372583920893682752e+00
  -2.09014125811315576442e+00
  -2.35358647191953318512e+00
  -2.61368711056383773439e+00
  -2.87007355680614884008e+00
  -3.12238147147719669050e+00
  -3.37025231122424351327e+00
  -3.61333383802080332359e+00
  -3.85128061971616597603e+00
  -4.08375452091337809435e+00
  -4.31042518347813530255e+00
  -4.53097049599578571843e+00
  -4.74507705150925840343e+00
  -4.95244059288750992920e+00
  -5.15276644519156246105e+00
  -5.34576993442368308962e+00
  -5.53117679206475898468e+00
  -5.70872354482483945759e+00
  -5.87815788905309410950e+00
  -6.03923904927513000018e+00
  -6.19173812034811188454e+00
  -6.33543839274745845813e+00
  -6.47013566052298827458e+00
  -6.59563851148671886904e+00
  -6.71176859922006219250e+00
  -6.81836089651384114063e+00
  -6.91526392988100546688e+00
  -7.00233999480871460719e+00
  -7.07946535144400712625e+00
  -7.14653040043489884425e+00
  -7.20343983867704995561e+00
  -7.25011279474470260453e+00
  -7.28648294381339489689e+00
  -7.31249860191116862751e+00
  -7.32812279936432187100e+00
  -7.33333333333333303727e+00
  -7.32812279936432187100e+00
  -7.31249860191116951569e+00
  -7.28648294381339489689e+00
  -7.25011279474470260453e+00
  -7.20343983867704995561e+00
  -7.14653040043489884425e+00
  -7.07946535144400979078e+00
  -7.00233999480871549537e+00
  -6.91526392988100546688e+00
  -6.81836089651384469335e+00
  -6.71176859922006308068e+00
  -6.59563851148672419811e+00
  -6.47013566052298916276e+00
  -6.33543839274745934631e+00
  -6.19173812034811454907e+00
  -6.03923904927513621743e+00
  -5.87815788905309588586e+00
  -5.70872354482484123395e+00
  -5.53117679206476253739e+00
  -5.34576993442368486598e+00
  -5.15276644519156334923e+00
  -4.95244059288751437009e+00
  -4.74507705150925840343e+00
  -4.53097049599578838297e+00
  -4.31042518347813707891e+00
  -4.08375452091338342342e+00
  -3.85128061971617174919e+00
  -3.61333383802080554403e+00
  -3.37025231122424884234e+00
  -3.12238147147720201957e+00
  -2.87007355680615194871e+00
  -2.61368711056383684621e+00
  -2.35358647191953895828e+00
  -2.09014125811315842896e+00
  -1.82372583920893927001e+00
  -1.55471880609507562276e+00
  -1.28350243248536366458e+00
  -1.01046213168734300147e+00
  -7.35985908908910579918e-01
  -4.60463809881637098353e-01
  -1.84287366584478196074e-01
  +9.21509591445782566543e-02
  +3.68458333318311404003e-01
  +6.44242108038780458834e-01
  +9.19110379471563931908e-01
  +1.19267254476247508421e+00
  +1.46453985710564915657e+00
  +1.73432597817397460283e+00
  +2.00164752712705418247e+00
  +2.26612462541627923684e+00
  +2.52738143661312575361e+00
  +2.78504670049320468550e+00
  +3.03875426061740983030e+00
  +3.28814358466023159977e+00
  +3.53286027674591496250e+00
  +3.77255658106437952171e+00
  +4.00689187605130214820e+00
  +4.23553315842996003227e+00
  +4.45815551642709984037e+00
  +4.67444259149039176293e+00
  +4.88408702785117654344e+00
  +5.08679090929390209652e+00
  +5.28226618251131352366e+00
  +5.47023506644399670762e+00
  +5.65043044702245023103e+00
  +5.82259625675079472984e+00
  +5.98648783859268096563e+00
  +6.14187229364236930707e+00
  +6.28852881208678216041e+00
  +6.42624898698832947019e+00
  +6.55483711044259820255e+00
  +6.67411045168996786003e+00
  +6.78389951678602542984e+00
  +6.88404828946174163207e+00
  +6.97441445283112582132e+00
  +7.05486959163129512262e+00
  +7.12529937470760899032e+00
  +7.18560371748447668239e+00
  +7.23569692419103205339e+00
  +7.27550780963950405322e+00
  +7.30497980038326399921e+00
  +7.32407101511079439149e+00
  +7.33275432416131778268e+00
  +7.33101738807753289251e+00
  +7.31886267514065735895e+00
  +7.29630745786286816212e+00
  +7.26338378844210996732e+00
  +7.22013845321417324641e+00
  +7.16663290616675130451e+00
  +7.10294318160996063227e+00
  +7.02915978612742442522e+00
  +6.94538756996146044997e+00
  +6.85174557801515948796e+00
  +6.74836688068304990651e+00
  +6.63539838475080756552e+00
  +6.51300062463265927448e+00
  +6.38134753424319001169e+00
  +6.24062619982774435812e+00
  +6.09103659410263187368e+00
  +5.93279129208294975228e+00
  +5.76611516900187659473e+00
  +5.59124508075061577017e+00
  +5.40842952729327652861e+00
  +5.21792829953476289262e+00
  +5.02001211014372472619e+00
  +4.81496220885501458042e+00
  +4.60306998279847423561e+00
  +4.38463654242181277709e+00
  +4.15997229359621556455e+00
  +3.92939649651264621966e+00
  +3.69323681199558739863e+00
  +3.45182883587910582790e+00
  +3.20551562210684570786e+00
  +2.95464719523353425146e+00
  +2.69958005302097170386e+00
  +2.44067665983523918172e+00
  +2.17830493156491833417e+00
  +1.91283771279257708287e+00
  +1.64465224696213230260e+00
  +1.37412964029532180810e+00
  +1.10165432021889708736e+00
  +8.27613489072202224150e-01
  +5.52396573871501095354e-01
  +2.76394672912851746549e-01
  +2.69422295812417720369e-15
  -2.76394672912846417479e-01
  -5.52396573871495655261e-01
  -8.27613489072183905471e-01
  -1.10165432021887865766e+00
  -1.37412964029531625698e+00
  -1.64465224696212697353e+00
  -1.91283771279257197584e+00
  -2.17830493156491256102e+00
  -2.44067665983523429674e+00
  -2.69958005302096637479e+00
  -2.95464719523351737607e+00
  -3.20551562210684037879e+00
  -3.45182883587910094292e+00
  -3.69323681199557141142e+00
  -3.92939649651264133468e+00
  -4.15997229359621023548e+00
  -4.38463654242179856624e+00
  -4.60306998279847068289e+00
  -4.81496220885501102771e+00
  -5.02001211014371051533e+00
  -5.21792829953476022808e+00
  -5.40842952729327386407e+00
  -5.59124508075061310564e+00
  -5.76611516900186504841e+00
  -5.93279129208294619957e+00
  -6.09103659410263009732e+00
  -6.24062619982774080540e+00
  -6.38134753424318734716e+00
  -6.51300062463265660995e+00
  -6.63539838475080490099e+00
  -6.74836688068304280108e+00
  -6.85174557801515327071e+00
  -6.94538756996145867362e+00
  -7.02915978612742264886e+00
  -7.10294318160996063227e+00
  -7.16663290616675041633e+00
  -7.22013845321416969369e+00
  -7.26338378844210819096e+00
  -7.29630745786286727395e+00
  -7.31886267514065735895e+00
  -7.33101738807753289251e+00
  -7.33275432416131778268e+00
  -7.32407101511079439149e+00
  -7.30497980038326488739e+00
  -7.27550780963950494140e+00
  -7.23569692419103205339e+00
  -7.18560371748447845874e+00
  -7.12529937470761076668e+00
  -7.05486959163129512262e+00
  -6.97441445283112759768e+00
  -6.88404828946174518478e+00
  -6.78389951678602898255e+00
  -6.67411045168996963639e+00
  -6.55483711044260441980e+00
  -6.42624898698833213473e+00
  -6.28852881208678393676e+00
  -6.14187229364237641249e+00
  -5.98648783859268895924e+00
  -5.82259625675080183527e+00
  -5.65043044702245822464e+00
  -5.47023506644400114851e+00
  -5.28226618251131885273e+00
  -5.08679090929390742559e+00
  -4.88408702785117565526e+00
  -4.67444259149040242107e+00
  -4.45815551642711049851e+00
  -4.23553315842996980223e+00
  -4.00689187605130747727e+00
  -3.77255658106437286037e+00
  -3.53286027674591984749e+00
  -3.28814358466023604066e+00
  -3.03875426061743247885e+00
  -2.78504670049321578773e+00
  -2.52738143661313641175e+00
  -2.26612462541628456592e+00
  -2.00164752712704663296e+00
  -1.73432597817399258844e+00
  -1.46453985710565426359e+00
  -1.19267254476249973116e+00
  -9.19110379471575811294e-01
  -6.44242108038785676882e-01
  -3.68458333318316788585e-01
  -9.21509591445836551138e-02
  +1.84287366584459766372e-01
  +4.60463809881625163456e-01
</dep>
