<Qucs Dataset 0.0.20>
<indep time 351>
  +0.00000000000000000000e+00
  +9.71428571428571517718e-05
  +1.94285714285714303544e-04
  +2.91428571428571441763e-04
  +3.88571428571428607087e-04
  +4.85714285714285772411e-04
  +5.82857142857142883526e-04
  +6.80000000000000048850e-04
  +7.77142857142857214174e-04
  +8.74285714285714379498e-04
  +9.71428571428571544823e-04
  +1.06857142857142871015e-03
  +1.16571428571428576705e-03
  +1.26285714285714304080e-03
  +1.36000000000000009770e-03
  +1.45714285714285737144e-03
  +1.55428571428571442835e-03
  +1.65142857142857148525e-03
  +1.74857142857142875900e-03
  +1.84571428571428581590e-03
  +1.94285714285714308965e-03
  +2.04000000000000014655e-03
  +2.13714285714285742029e-03
  +2.23428571428571469404e-03
  +2.33142857142857153410e-03
  +2.42857142857142880785e-03
  +2.52571428571428608159e-03
  +2.62285714285714292165e-03
  +2.72000000000000019540e-03
  +2.81714285714285746914e-03
  +2.91428571428571474289e-03
  +3.01142857142857158295e-03
  +3.10857142857142885670e-03
  +3.20571428571428613044e-03
  +3.30285714285714297050e-03
  +3.40000000000000024425e-03
  +3.49714285714285751799e-03
  +3.59428571428571479174e-03
  +3.69142857142857163180e-03
  +3.78857142857142890555e-03
  +3.88571428571428617929e-03
  +3.98285714285714301935e-03
  +4.08000000000000029310e-03
  +4.17714285714285756684e-03
  +4.27428571428571484059e-03
  +4.37142857142857211433e-03
  +4.46857142857142938808e-03
  +4.56571428571428579446e-03
  +4.66285714285714306820e-03
  +4.76000000000000034195e-03
  +4.85714285714285761569e-03
  +4.95428571428571488944e-03
  +5.05142857142857216318e-03
  +5.14857142857142943693e-03
  +5.24571428571428584331e-03
  +5.34285714285714311705e-03
  +5.44000000000000039080e-03
  +5.53714285714285766454e-03
  +5.63428571428571493829e-03
  +5.73142857142857221203e-03
  +5.82857142857142948578e-03
  +5.92571428571428589216e-03
  +6.02285714285714316590e-03
  +6.12000000000000043965e-03
  +6.21714285714285771339e-03
  +6.31428571428571498714e-03
  +6.41142857142857226088e-03
  +6.50857142857142953463e-03
  +6.60571428571428594101e-03
  +6.70285714285714321475e-03
  +6.80000000000000048850e-03
  +6.89714285714285776224e-03
  +6.99428571428571503599e-03
  +7.09142857142857230973e-03
  +7.18857142857142958348e-03
  +7.28571428571428598986e-03
  +7.38285714285714326360e-03
  +7.48000000000000053735e-03
  +7.57714285714285781109e-03
  +7.67428571428571508484e-03
  +7.77142857142857235858e-03
  +7.86857142857142963233e-03
  +7.96571428571428603871e-03
  +8.06285714285714417981e-03
  +8.16000000000000058620e-03
  +8.25714285714285872730e-03
  +8.35428571428571513369e-03
  +8.45142857142857154007e-03
  +8.54857142857142968118e-03
  +8.64571428571428608756e-03
  +8.74285714285714422866e-03
  +8.84000000000000063505e-03
  +8.93714285714285877615e-03
  +9.03428571428571518254e-03
  +9.13142857142857158892e-03
  +9.22857142857142973003e-03
  +9.32571428571428613641e-03
  +9.42285714285714427751e-03
  +9.52000000000000068390e-03
  +9.61714285714285882500e-03
  +9.71428571428571523139e-03
  +9.81142857142857163777e-03
  +9.90857142857142977888e-03
  +1.00057142857142861853e-02
  +1.01028571428571443264e-02
  +1.02000000000000007327e-02
  +1.02971428571428588739e-02
  +1.03942857142857152802e-02
  +1.04914285714285716866e-02
  +1.05885714285714298277e-02
  +1.06857142857142862341e-02
  +1.07828571428571443752e-02
  +1.08800000000000007816e-02
  +1.09771428571428589227e-02
  +1.10742857142857153291e-02
  +1.11714285714285717355e-02
  +1.12685714285714298766e-02
  +1.13657142857142862830e-02
  +1.14628571428571444241e-02
  +1.15600000000000008304e-02
  +1.16571428571428589716e-02
  +1.17542857142857153779e-02
  +1.18514285714285717843e-02
  +1.19485714285714299254e-02
  +1.20457142857142863318e-02
  +1.21428571428571444729e-02
  +1.22400000000000008793e-02
  +1.23371428571428590204e-02
  +1.24342857142857154268e-02
  +1.25314285714285718332e-02
  +1.26285714285714299743e-02
  +1.27257142857142863807e-02
  +1.28228571428571445218e-02
  +1.29200000000000009281e-02
  +1.30171428571428590693e-02
  +1.31142857142857154756e-02
  +1.32114285714285718820e-02
  +1.33085714285714300231e-02
  +1.34057142857142864295e-02
  +1.35028571428571445706e-02
  +1.36000000000000009770e-02
  +1.36971428571428591181e-02
  +1.37942857142857155245e-02
  +1.38914285714285719309e-02
  +1.39885714285714300720e-02
  +1.40857142857142864784e-02
  +1.41828571428571446195e-02
  +1.42800000000000010258e-02
  +1.43771428571428591670e-02
  +1.44742857142857155733e-02
  +1.45714285714285719797e-02
  +1.46685714285714301208e-02
  +1.47657142857142865272e-02
  +1.48628571428571446683e-02
  +1.49600000000000010747e-02
  +1.50571428571428592158e-02
  +1.51542857142857156222e-02
  +1.52514285714285720286e-02
  +1.53485714285714301697e-02
  +1.54457142857142865761e-02
  +1.55428571428571447172e-02
  +1.56400000000000011235e-02
  +1.57371428571428592647e-02
  +1.58342857142857174058e-02
  +1.59314285714285720774e-02
  +1.60285714285714302185e-02
  +1.61257142857142883596e-02
  +1.62228571428571430313e-02
  +1.63200000000000011724e-02
  +1.64171428571428593135e-02
  +1.65142857142857174546e-02
  +1.66114285714285721263e-02
  +1.67085714285714302674e-02
  +1.68057142857142884085e-02
  +1.69028571428571430801e-02
  +1.70000000000000012212e-02
  +1.70971428571428593624e-02
  +1.71942857142857175035e-02
  +1.72914285714285721751e-02
  +1.73885714285714303162e-02
  +1.74857142857142884573e-02
  +1.75828571428571431290e-02
  +1.76800000000000012701e-02
  +1.77771428571428594112e-02
  +1.78742857142857175523e-02
  +1.79714285714285722240e-02
  +1.80685714285714303651e-02
  +1.81657142857142885062e-02
  +1.82628571428571431778e-02
  +1.83600000000000013189e-02
  +1.84571428571428594601e-02
  +1.85542857142857176012e-02
  +1.86514285714285722728e-02
  +1.87485714285714304139e-02
  +1.88457142857142885550e-02
  +1.89428571428571432267e-02
  +1.90400000000000013678e-02
  +1.91371428571428595089e-02
  +1.92342857142857176500e-02
  +1.93314285714285723217e-02
  +1.94285714285714304628e-02
  +1.95257142857142886039e-02
  +1.96228571428571432755e-02
  +1.97200000000000014166e-02
  +1.98171428571428595578e-02
  +1.99142857142857176989e-02
  +2.00114285714285723705e-02
  +2.01085714285714305116e-02
  +2.02057142857142886527e-02
  +2.03028571428571433244e-02
  +2.04000000000000014655e-02
  +2.04971428571428596066e-02
  +2.05942857142857177477e-02
  +2.06914285714285724194e-02
  +2.07885714285714305605e-02
  +2.08857142857142887016e-02
  +2.09828571428571433732e-02
  +2.10800000000000015143e-02
  +2.11771428571428596555e-02
  +2.12742857142857177966e-02
  +2.13714285714285724682e-02
  +2.14685714285714306093e-02
  +2.15657142857142887504e-02
  +2.16628571428571434221e-02
  +2.17600000000000015632e-02
  +2.18571428571428597043e-02
  +2.19542857142857178454e-02
  +2.20514285714285725171e-02
  +2.21485714285714306582e-02
  +2.22457142857142887993e-02
  +2.23428571428571434709e-02
  +2.24400000000000016120e-02
  +2.25371428571428597532e-02
  +2.26342857142857178943e-02
  +2.27314285714285725659e-02
  +2.28285714285714307070e-02
  +2.29257142857142888481e-02
  +2.30228571428571435198e-02
  +2.31200000000000016609e-02
  +2.32171428571428598020e-02
  +2.33142857142857179431e-02
  +2.34114285714285726148e-02
  +2.35085714285714307559e-02
  +2.36057142857142888970e-02
  +2.37028571428571435686e-02
  +2.38000000000000017097e-02
  +2.38971428571428598508e-02
  +2.39942857142857179920e-02
  +2.40914285714285726636e-02
  +2.41885714285714308047e-02
  +2.42857142857142889458e-02
  +2.43828571428571436175e-02
  +2.44800000000000017586e-02
  +2.45771428571428598997e-02
  +2.46742857142857180408e-02
  +2.47714285714285727125e-02
  +2.48685714285714308536e-02
  +2.49657142857142889947e-02
  +2.50628571428571436663e-02
  +2.51600000000000018074e-02
  +2.52571428571428599485e-02
  +2.53542857142857180897e-02
  +2.54514285714285727613e-02
  +2.55485714285714309024e-02
  +2.56457142857142890435e-02
  +2.57428571428571437152e-02
  +2.58400000000000018563e-02
  +2.59371428571428599974e-02
  +2.60342857142857181385e-02
  +2.61314285714285728102e-02
  +2.62285714285714309513e-02
  +2.63257142857142890924e-02
  +2.64228571428571437640e-02
  +2.65200000000000019051e-02
  +2.66171428571428600462e-02
  +2.67142857142857181874e-02
  +2.68114285714285728590e-02
  +2.69085714285714310001e-02
  +2.70057142857142891412e-02
  +2.71028571428571438129e-02
  +2.72000000000000019540e-02
  +2.72971428571428600951e-02
  +2.73942857142857182362e-02
  +2.74914285714285729079e-02
  +2.75885714285714310490e-02
  +2.76857142857142891901e-02
  +2.77828571428571438617e-02
  +2.78800000000000020028e-02
  +2.79771428571428601439e-02
  +2.80742857142857182851e-02
  +2.81714285714285729567e-02
  +2.82685714285714310978e-02
  +2.83657142857142892389e-02
  +2.84628571428571439106e-02
  +2.85600000000000020517e-02
  +2.86571428571428601928e-02
  +2.87542857142857183339e-02
  +2.88514285714285730056e-02
  +2.89485714285714311467e-02
  +2.90457142857142892878e-02
  +2.91428571428571439594e-02
  +2.92400000000000021005e-02
  +2.93371428571428602416e-02
  +2.94342857142857183828e-02
  +2.95314285714285730544e-02
  +2.96285714285714311955e-02
  +2.97257142857142893366e-02
  +2.98228571428571440083e-02
  +2.99200000000000021494e-02
  +3.00171428571428602905e-02
  +3.01142857142857184316e-02
  +3.02114285714285731033e-02
  +3.03085714285714312444e-02
  +3.04057142857142893855e-02
  +3.05028571428571440571e-02
  +3.06000000000000021982e-02
  +3.06971428571428603393e-02
  +3.07942857142857184805e-02
  +3.08914285714285731521e-02
  +3.09885714285714312932e-02
  +3.10857142857142894343e-02
  +3.11828571428571441060e-02
  +3.12800000000000022471e-02
  +3.13771428571428603882e-02
  +3.14742857142857185293e-02
  +3.15714285714285766704e-02
  +3.16685714285714348115e-02
  +3.17657142857142860137e-02
  +3.18628571428571441548e-02
  +3.19600000000000022959e-02
  +3.20571428571428604370e-02
  +3.21542857142857185782e-02
  +3.22514285714285767193e-02
  +3.23485714285714348604e-02
  +3.24457142857142860626e-02
  +3.25428571428571442037e-02
  +3.26400000000000023448e-02
  +3.27371428571428604859e-02
  +3.28342857142857186270e-02
  +3.29314285714285767681e-02
  +3.30285714285714349092e-02
  +3.31257142857142861114e-02
  +3.32228571428571442525e-02
  +3.33200000000000023936e-02
  +3.34171428571428605347e-02
  +3.35142857142857186759e-02
  +3.36114285714285768170e-02
  +3.37085714285714349581e-02
  +3.38057142857142861603e-02
  +3.39028571428571443014e-02
  +3.40000000000000024425e-02
</indep>
<dep V1.It time>
  +0.00000000000000000000e+00
  -3.30565103385996707974e-09
  -1.94309686225728533239e-06
  -1.47121821540872433303e-05
  -3.06354110081456091122e-05
  -4.72149677495125235987e-05
  -6.39961277849296529411e-05
  -8.08113587376289946871e-05
  -9.75723583905752263334e-05
  -1.14221318584481688050e-04
  -1.30714721367242045448e-04
  -1.47016716431499821962e-04
  -1.63096017136261564997e-04
  -1.78924297532201604559e-04
  -1.94475303596534167304e-04
  -2.09724333863817505568e-04
  -2.24647924102324981739e-04
  -2.39223650841475653402e-04
  -2.53430007197506823070e-04
  -2.67246324279164510895e-04
  -2.80652722185091563472e-04
  -2.93630080674868877266e-04
  -3.06160023164061309130e-04
  -3.18224909864146083497e-04
  -3.29807837246727996935e-04
  -3.40892641885687643164e-04
  -3.51463907306274212037e-04
  -3.61506972856907437142e-04
  -3.71007943885150778384e-04
  -3.79953702684475045585e-04
  -3.88331919810066769107e-04
  -3.96131065456683400822e-04
  -4.03340420661384222844e-04
  -4.09950088145194665133e-04
  -4.15951002646797998643e-04
  -4.21334940631062286436e-04
  -4.26094529278440645181e-04
  -4.30223254678799619209e-04
  -4.33715469168789366766e-04
  -4.36566397762330933325e-04
  -4.38772143634866349914e-04
  -4.40329692629509673527e-04
  -4.41236916760397049429e-04
  -4.41492576695314529762e-04
  -4.41096323205035034751e-04
  -4.40048697572066529072e-04
  -4.38351130957133068404e-04
  -4.36005942726209864448e-04
  -4.33016337746478126563e-04
  -4.29386402664929853722e-04
  -4.25121101188966532460e-04
  -4.20226268395154569247e-04
  -4.14708604099312309020e-04
  -4.08575665330035311777e-04
  -4.01835857957436829325e-04
  -3.94498427541768281312e-04
  -3.86573449481362855801e-04
  -3.78071818558524570808e-04
  -3.69005238006396324608e-04
  -3.59386208251284656676e-04
  -3.49228015525922925143e-04
  -3.38544720604518306444e-04
  -3.27351147984491499480e-04
  -3.15662875941173355718e-04
  -3.03496228023953068097e-04
  -2.90868266761341648027e-04
  -2.77796790630897958048e-04
  -2.64300335770015876972e-04
  -2.50398184532316168786e-04
  -2.36110383953844562861e-04
  -2.21457778692701998287e-04
  -2.06462065415642984610e-04
  -1.91145879594812527448e-04
  -1.75532932518079545650e-04
  -1.59648228517401399385e-04
  -1.43518415214372870676e-04
  -1.27172364551843757952e-04
  -1.10642177089277624655e-04
  -9.39650180927978210567e-05
  -7.71867388483945236505e-05
  -6.03698023984567376261e-05
  -4.36134095929194067777e-05
  -2.71177200884607677339e-05
  -1.14899351225788005064e-05
  -6.87420193384495527813e-07
  -7.03923465423469855093e-10
  +1.33188574551010663273e-11
  +1.54945511732298115472e-08
  +1.97367279802852575341e-05
  +2.46146135746813619904e-02
  +2.97662657412310664995e+01
  +3.45728642971391454921e+04
  +3.82046125697611495852e+07
  +3.97909615445812683105e+10
  +3.86985335383436484375e+13
  +3.48208343382612200000e+16
  +2.87247898611098173440e+19
  +2.15296313545734362235e+22
  +1.45319278924847778806e+25
  +8.75634068705793704472e+27
  +4.66989166930357774211e+30
  +2.18584196199713649708e+33
  +8.90589490471065366484e+35
  +3.13316368559653022847e+38
  +9.44323214255481423800e+40
  +2.41972346860884795825e+43
  +5.23224719112816612699e+45
  +9.47888026552721351964e+47
  +1.42870962882178834233e+50
  +1.77962321637676092215e+52
  +1.82011721582691669287e+54
  +1.51901726916240993858e+56
  +1.02835106460270560083e+58
  +5.61539855810044275356e+59
  +2.46008770304314578774e+61
  +8.60300221722038460655e+62
  +2.39005991130836888684e+64
  +5.25158909579052278420e+65
  +9.08858754271400261005e+66
  +1.23414247297736480413e+68
  +1.31032265384588386169e+69
  +1.08432467906080744922e+70
  +6.97393369621414604203e+70
  +3.47736031028289280313e+71
  +1.34134116297447028384e+72
  +3.99540000847756496532e+72
  +9.17649986130878308013e+72
  +1.62332462182646532657e+73
  +2.21010546221617498317e+73
  +2.31483596646104633024e+73
  +1.86509124099314783243e+73
  +1.15632095380946191164e+73
  +5.51993019600897899889e+72
  +2.03093635952712953966e+72
  +5.76698608824462047063e+71
  +1.26597331739585762879e+71
  +2.15281323637648173851e+70
  +2.84266784880991690769e+69
  +2.92255688386346346952e+68
  +2.34661477025750056952e+67
  +1.47649318529135763573e+66
  +7.30706148076700305407e+64
  +2.85579106852027140876e+63
  +8.85259578145926988484e+61
  +2.18674685176461721488e+60
  +4.32579010447192104935e+58
  +6.88899983069298183256e+56
  +8.88140627447307642721e+54
  +9.32344093900182377276e+52
  +8.01850470020273359028e+50
  +5.68595062663966753749e+48
  +3.34647476870953107963e+46
  +1.64602931352221161176e+44
  +6.81472588525593245988e+41
  +2.39230017246431157652e+39
  +7.17515220902450723724e+36
  +1.85301146335084884729e+34
  +4.15362354739105471199e+31
  +8.14762753391985535825e+28
  +1.41033044966393307707e+26
  +2.17270012623918215463e+23
  +3.00496396609813872640e+20
  +3.76420712651136576000e+17
  +4.30917752156786812500e+14
  +4.54931704130697875977e+11
  +4.47013300228943467140e+08
  +4.12620116846396529581e+05
  +3.61165078058505400804e+02
  +3.02612690338703305137e-01
  +2.45030771856488693849e-04
  +1.93574166644619287191e-07
  +1.48725804301244103378e-10
  -5.81209864004476043315e-11
  -7.05008457420113014937e-08
  -6.58923516030019018353e-06
  -2.14407603649977323743e-05
  -3.77452466844627385870e-05
  -5.44418406569116254895e-05
  -7.12517599127242035224e-05
  -8.80520756980201211358e-05
  -1.04770779744403839105e-04
  -1.21357427224445501277e-04
  -1.37772342762865896001e-04
  -1.53981910991125609152e-04
  -1.69956266024665563581e-04
  -1.85668057861828066004e-04
  -2.01091751351820444528e-04
  -2.16203209057251453289e-04
  -2.30979434780183534278e-04
  -2.45398412538926113165e-04
  -2.59439004560809121768e-04
  -2.73080886982717289599e-04
  -2.86304510300982163577e-04
  -2.99091076417940145149e-04
  -3.11422527000766431824e-04
  -3.23281539635759550180e-04
  -3.34651529380698719608e-04
  -3.45516654046259836120e-04
  -3.55861822020519917315e-04
  -3.65672701779245221468e-04
  -3.74935732450923549230e-04
  -3.83638134965889215401e-04
  -3.91767923431851931501e-04
  -3.99313916462133169059e-04
  -4.06265748242709220667e-04
  -4.12613879170970713085e-04
  -4.18349605932635435716e-04
  -4.23465070910402643315e-04
  -4.27953270838557270263e-04
  -4.31808064634234321875e-04
  -4.35024180348956906669e-04
  -4.37597221195421806541e-04
  -4.39523670613206282609e-04
  -4.40800896344961939000e-04
  -4.41427153501397723321e-04
  -4.41401586599321428712e-04
  -4.40724230562695702771e-04
  -4.39396010681706054510e-04
  -4.37418741530207048646e-04
  -4.34795124846619940231e-04
  -4.31528746389094009991e-04
  -4.27624071780731895495e-04
  -4.23086441367444960043e-04
  -4.17922064117269966097e-04
  -4.12138010597891965917e-04
  -4.05742205078842422920e-04
  -3.98743416814866435873e-04
  -3.91151250581669410362e-04
  -3.82976136550615582632e-04
  -3.74229319611350580346e-04
  -3.64922848277562776338e-04
  -3.55069563346730278971e-04
  -3.44683086531389184029e-04
  -3.33777809341873467428e-04
  -3.22368882585014364037e-04
  -3.10472206960977061083e-04
  -2.98104425403534491982e-04
  -2.85282918043314420546e-04
  -2.72025801010741634378e-04
  -2.58351930794914594249e-04
  -2.44280916626859198951e-04
  -2.29833144514847496735e-04
  -2.15029818393520748276e-04
  -1.99893026831766089510e-04
  -1.84445848755982421113e-04
  -1.68712520379371653384e-04
  -1.52718701407560732445e-04
  -1.36491908927906523434e-04
  -1.20062248858464681932e-04
  -1.03463708550765364565e-04
  -8.67365917394832098382e-05
  -6.99325206242665107408e-05
  -5.31260284369320753719e-05
  -3.64466221321453571818e-05
  -2.01967142826256117942e-05
  -5.59785250601253322236e-06
  -4.07022789264641091223e-08
  -3.00465121149946149475e-11
  +2.66018388680803561205e-10
  +3.39209982710976022487e-07
  +4.28691640958069530506e-04
  +5.28197800084713731117e-01
  +6.28457434123556254235e+02
  +7.15251160826277686283e+05
  +7.71340782881489753723e+08
  +7.80857895791947509766e+11
  +7.35200008012681125000e+14
  +6.37909123239023744000e+17
  +5.05465530270584864768e+20
  +3.62506809059792300016e+23
  +2.33240107755504404529e+26
  +1.33470872821287487036e+29
  +6.73547136120179851873e+31
  +2.97250750429366131776e+34
  +1.13790164984035151660e+37
  +3.74843051233382049983e+39
  +1.05434034172512169603e+42
  +2.51312719918087559806e+44
  +5.03921031691806786902e+46
  +8.43990655369811602346e+48
  +1.17262064233161554980e+51
  +1.34260608008849344297e+53
  +1.25878042460020775223e+55
  +9.60543756610092290858e+56
  +5.93096781266790728449e+58
  +2.94695821951031173256e+60
  +1.17216212454276040087e+62
  +3.71382613905774795996e+63
  +9.32959911577308804010e+64
  +1.85026716874616562221e+66
  +2.88533435124128885073e+67
  +3.52491222739678111045e+68
  +3.36227553464515036140e+69
  +2.49653475557302678345e+70
  +1.43910877980799276423e+71
  +6.42511832296040388999e+71
  +2.21732196652367812232e+72
  +5.90493488122255171583e+72
  +1.21190823774380051721e+73
  +1.91502255872749008110e+73
  +2.32841890354929754856e+73
  +2.17779786997956624062e+73
  +1.56704763701775833840e+73
  +8.67854033573823260172e+72
  +3.70216000257774234454e+72
  +1.21787820821497897756e+72
  +3.09414188816878221470e+71
  +6.08222208815606888188e+70
  +9.27080416992263614080e+69
  +1.09850279250990052217e+69
  +1.01474228183211690926e+68
  +7.33108735411601332632e+66
  +4.15689863065496169126e+65
  +1.85707875727264211944e+64
  +6.56389091880608025693e+62
  +1.84378064138045824094e+61
  +4.13575247566862886020e+59
  +7.44575545368177597574e+57
  +1.08171174786540980185e+56
  +1.27534415636207186522e+54
  +1.22755922919853698620e+52
  +9.70646305900589159602e+49
  +6.34602600745440958936e+47
  +3.45377879947131631784e+45
  +1.57570665700991463373e+43
  +6.06992724721352710795e+40
  +1.98909938096561128570e+38
  +5.58761096739514343993e+35
  +1.35616971866395207316e+33
  +2.86699396511876875952e+30
  +5.32293848710519153935e+27
  +8.75287538223430440793e+24
  +1.28575456434379890360e+22
  +1.70205087470256148480e+19
  +2.04858429294616560000e+16
  +2.26212767873033945312e+13
  +2.31274459961688041687e+10
  +2.20950860808965750039e+07
  +1.99099806330168648856e+04
  +1.70819247290747533441e+01
  +1.40865902423428814016e-02
  +1.12723204822329569561e-05
  +8.83519438920222429644e-09
  +3.99982114659106679208e-12
  -1.23945838590108188035e-09
  -1.04408194457380788563e-06
  -1.26469171246581800244e-05
  -2.83933462682013315029e-05
  -4.49219265499162988481e-05
  -6.16882420180502228941e-05
  -7.85050441116919684543e-05
</dep>
<dep Transf_in.Vt time>
  +0.00000000000000000000e+00
  +8.05503794799790462378e+00
  +1.60992739243116069758e+01
  +2.41219204429232618736e+01
  +3.21122189697221855909e+01
  +4.00594543499205286707e+01
  +4.79529691772963815311e+01
  +5.57821780859949285514e+01
  +6.35365819457218421462e+01
  +7.12057819412932389014e+01
  +7.87794935176607680205e+01
  +8.62475601717116688860e+01
  +9.35999670723484769042e+01
  +1.00826854490583684765e+02
  +1.07918531021639239498e+02
  +1.14865486581319785842e+02
  +1.21658405159231392645e+02
  +1.28288177311743197606e+02
  +1.34745912377938907412e+02
  +1.41022950402175808904e+02
  +1.47110873747263866562e+02
  +1.53001518382690306908e+02
  +1.58686984832752557395e+02
  +1.64159648769917708933e+02
  +1.69412171239202820061e+02
  +1.74437508499864549094e+02
  +1.79228921471200351334e+02
  +1.83779984769794538124e+02
  +1.88084595326089726086e+02
  +1.92136980568728546359e+02
  +1.95931706165690883381e+02
  +1.99463683311844732771e+02
  +2.02728175553138868281e+02
  +2.05720805138285101066e+02
  +2.08437558889412628105e+02
  +2.10874793583822679466e+02
  +2.13029240839624691262e+02
  +2.14898011498703908728e+02
  +2.16478599501141758310e+02
  +2.17768885245893926594e+02
  +2.18767138433218917726e+02
  +2.19472020385045567537e+02
  +2.19882585840167990909e+02
  +2.19998284221860217258e+02
  +2.19818960376211009589e+02
  +2.19344854780188427412e+02
  +2.18576603219155146007e+02
  +2.17515235934267337825e+02
  +2.16162176240900066659e+02
  +2.14519238619952034242e+02
  +2.12588626284589281568e+02
  +2.10372928225691140369e+02
  +2.07875115739960051542e+02
  +2.05098538445351550763e+02
  +2.02046919789167731096e+02
  +1.98724352054837623882e+02
  +1.95135290874080993717e+02
  +1.91284549251814553372e+02
  +1.87177291111813048019e+02
  +1.82819024371781438276e+02
  +1.78215593557123924029e+02
  +1.73373171963314831601e+02
  +1.68298253377382422968e+02
  +1.62997643369606976194e+02
  +1.57478450167110679558e+02
  +1.51748075121579091729e+02
  +1.45814202783895893845e+02
  +1.39684790599002269573e+02
  +1.33368058234799065076e+02
  +1.26872476559403182250e+02
  +1.20206756281539227871e+02
  +1.13379836269299602236e+02
  +1.06400871562938419856e+02
  +9.92792210977742826117e+01
  +9.20244351536649105583e+01
  +8.46462425478859756822e+01
  +7.71545375885861517418e+01
  +6.95593668063168735216e+01
  +6.18709154814277937362e+01
  +5.40994939853959451170e+01
  +4.62555239544058807155e+01
  +3.83495243137207211248e+01
  +3.03920971715870074092e+01
  +2.23939136015889914688e+01
  +1.43656993325199362488e+01
  +6.31822036495820515967e+00
  -1.73773146615995810471e+00
  -9.79135296361446805236e+00
  -1.78318440552106523000e+01
  -2.58484222768977645046e+01
  -3.38303372322764843716e+01
  -4.17668850091006120806e+01
  -4.96474225334446259694e+01
  -5.74613818422837923094e+01
  -6.51982842553513108896e+01
  -7.28477544272635384459e+01
  -8.03995342610716079434e+01
  -8.78434966645811670105e+01
  -9.51696591309905670641e+01
  -1.02368197125638999978e+02
  -1.09429457260908804983e+02
  -1.16343970241617526540e+02
  -1.23102463563537554592e+02
  -1.29695873948014565258e+02
  -1.36115359496011791407e+02
  -1.42352311545277757432e+02
  -1.48398366214739894531e+02
  -1.54245415620641125543e+02
  -1.59885618749379034398e+02
  -1.65311411972466515863e+02
  -1.70515519189512588127e+02
  -1.75490961585623892915e+02
  -1.80231066990138060646e+02
  -1.84729478824142688609e+02
  -1.88980164624778097959e+02
  -1.92977424134894192775e+02
  -1.96715896947212911527e+02
  -2.00190569692744162467e+02
  -2.03396782763817554951e+02
  -2.06330236562711519355e+02
  -2.08986997267502943032e+02
  -2.11363502107402695174e+02
  -2.13456564140505292926e+02
  -2.15263376527543101702e+02
  -2.16781516295915537285e+02
  -2.18008947588945630969e+02
  -2.18944024396005346489e+02
  -2.19585492759849813638e+02
  -2.19932492458199817520e+02
  -2.19984558157317650284e+02
  -2.19741620036029132734e+02
  -2.19204003879355298068e+02
  -2.18372430641627857995e+02
  -2.17248015479674847938e+02
  -2.15832266257372168639e+02
  -2.14127081523567142085e+02
  -2.12134747966085399185e+02
  -2.09857937345235427529e+02
  -2.07299702910923230093e+02
  -2.04463475308181017454e+02
  -2.01353057976601888868e+02
  -1.97972622049848723691e+02
  -1.94326700762078587559e+02
  -1.90420183368781948730e+02
  -1.86258308590190438281e+02
  -1.81846657586045807875e+02
  -1.77191146471148982755e+02
  -1.72298018381728951454e+02
  -1.67173835103268174862e+02
  -1.61825468271013818367e+02
  -1.56260090154972658638e+02
  -1.50485164041749669650e+02
  -1.44508434226127661759e+02
  -1.38337915625807397646e+02
  -1.31981883033239370207e+02
  -1.25448860018955514306e+02
  -1.18747607501286466913e+02
  -1.11887111997789418183e+02
  -1.04876573574143648671e+02
  -9.77253935066722618785e+01
  -9.04431616750374729463e+01
  -8.30396437020152262676e+01
  -7.55247678575927494649e+01
  -6.79086117449554365066e+01
  -6.02013887862132150985e+01
  -5.24134345259898921654e+01
  -4.45551927712475830390e+01
  -3.66372015859245223623e+01
  -2.86700791591753372245e+01
  -2.06645095661604862869e+01
  -1.26312284404821451034e+01
  -4.58100857747835199518e+00
  +3.47535451231861225452e+00
  +1.15270570801817271445e+01
  +1.95633016272398094770e+01
  +2.75733113841469190675e+01
  +3.55463447629495163937e+01
  +4.34717097617783991836e+01
  +5.13387783030434334819e+01
  +5.91370004859037834422e+01
  +6.68559187339025129404e+01
  +7.44851818187908492064e+01
  +8.20145587417404442476e+01
  +8.94339524533209413448e+01
  +9.67334133938525297935e+01
  +1.03903152835969692092e+02
  +1.10933556011507221228e+02
  +1.17815195005100292747e+02
  +1.24538841397214625317e+02
  +1.31095478639646330521e+02
  +1.37476314146898971558e+02
  +1.43672791087221099815e+02
  +1.49676599857494068146e+02
  +1.55479689226581854200e+02
  +1.61074277132195845752e+02
  +1.66452861116801557273e+02
  +1.71608228388569415301e+02
  +1.76533465493875326047e+02
  +1.81221967588385410863e+02
  +1.85667447294288109561e+02
  +1.89863943131797014985e+02
  +1.93805827513618112334e+02
  +1.97487814291659702803e+02
  +2.00904965845866911422e+02
  +2.04052699705670534058e+02
  +2.06926794695175090055e+02
  +2.09523396593842363700e+02
  +2.11839023305080928594e+02
  +2.13870569525808548406e+02
  +2.15615310910728226190e+02
  +2.17070907725730961602e+02
  +2.18235407985527416486e+02
  +2.19107250071300484251e+02
  +2.19685264824868028199e+02
  +2.19968677116548349204e+02
  +2.19957106884624863596e+02
  +2.19650569645016759068e+02
  +2.19049476470471716993e+02
  +2.18154633439309037612e+02
  +2.16967240554451990420e+02
  +2.15488890134199181148e+02
  +2.13721564676892825219e+02
  +2.11667634202347755945e+02
  +2.09329853073606443559e+02
  +2.06711356303280439306e+02
  +2.03815655349435246535e+02
  +2.00646633406651773157e+02
  +1.97208540198582937819e+02
  +1.93505986278986625848e+02
  +1.89543936848878047385e+02
  +1.85327705098094014602e+02
  +1.80862945080193696867e+02
  +1.76155644130259474878e+02
  +1.71212114835754505293e+02
  +1.66038986571215616550e+02
  +1.60643196608122451607e+02
  +1.55031980811877218684e+02
  +1.49212863938357429561e+02
  +1.43193649543064736918e+02
  +1.36982409516396046456e+02
  +1.30587473259072027076e+02
  +1.24017416512240956195e+02
  +1.17281049857229817235e+02
  +1.10387406900377825991e+02
  +1.03345732158780833743e+02
  +9.61654686632053739004e+01
  +8.88562452947891614485e+01
  +8.14278638725149050970e+01
  +7.38902860087670489975e+01
  +6.62536197506060062778e+01
  +5.85281060246686024584e+01
  +5.07241049038746965039e+01
  +4.28520817143561600915e+01
  +3.49225930012387095758e+01
  +2.69462723720991874643e+01
  +1.89338162370765878961e+01
  +1.08959694647674574242e+01
  +2.84351097313556433477e+00
  -5.21276072523897049393e+00
  -1.32620420041872932870e+01
  -2.12935386118372704800e+01
  -2.92964801459258801231e+01
  -3.72601344971326469135e+01
  -4.51738222410576071297e+01
  -5.30269309595499933607e+01
  -6.08089294721775175390e+01
  -6.85093819587602439469e+01
  -7.61179619540150156354e+01
  -8.36244661955620074423e+01
  -9.10188283067077748001e+01
  -9.82911322956639565973e+01
  -1.05431625853096676337e+02
  -1.12430733430172438148e+02
  -1.19279069079569865153e+02
  -1.25967449042223620381e+02
  -1.32486904062938236848e+02
  -1.38828691418340810060e+02
  -1.44984306641056690523e+02
  -1.50945494924370933632e+02
  -1.56704262192097445450e+02
  -1.62252885818798205264e+02
  -1.67583924985983031775e+02
  -1.72690230660400885654e+02
  -1.77564955181039039189e+02
  -1.82201561441980459222e+02
  -1.86593831658793675388e+02
  -1.90735875706712647570e+02
  -1.94622139019413850747e+02
  -1.98247410037804627336e+02
  -2.01606827198830416137e+02
  -2.04695885454931925551e+02
  -2.07510442315406038460e+02
  -2.10046723401571085788e+02
  -2.12301327508286590273e+02
  -2.14271231165039154121e+02
  -2.15953792690478877603e+02
  -2.17346755734967956641e+02
  -2.18448252306392646460e+02
  -2.19256805275178692227e+02
  -2.19771330355152599623e+02
  -2.19991137557591628138e+02
  -2.19915932116513175743e+02
  -2.19545814883961554642e+02
  -2.18881282194763798543e+02
  -2.17923225200934069790e+02
  -2.16672928676620642818e+02
  -2.15132069295197339898e+02
  -2.13302713380810160970e+02
  -2.11187314137393400415e+02
  -2.08788708358873748239e+02
  -2.06110112624970412298e+02
  -2.03155118987695743726e+02
  -1.99927690154339614992e+02
  -1.96432154173397208297e+02
  -1.92673198630567554801e+02
  -1.88655864362603523432e+02
  -1.84385538697446833112e+02
  -1.79867948229709867292e+02
  -1.75109151141195610535e+02
  -1.70115529076748572379e+02
  -1.64893778586341056780e+02
  -1.59450902144859185228e+02
  -1.53794198761641126794e+02
  -1.47931254192354998622e+02
  -1.41869930766344253925e+02
  -1.35618356843083347485e+02
  -1.29184915911878192674e+02
  -1.22578235349437562718e+02
  -1.15807174850378373776e+02
  -1.08880814546199104598e+02
  -1.01808442828631484645e+02
  -9.45995438937193000584e+01
  -8.72637850233138721023e+01
  -7.98110036210511566424e+01
  -7.22511940201924431904e+01
  -6.45944940810140906251e+01
  -5.68511715957318983783e+01
  -4.90316105191781872463e+01
  -4.11462970437065180818e+01
  -3.32058055369892599629e+01
  -2.52207843615759159661e+01
  -1.72019415952175265261e+01
  -9.16003067111393498578e+00
  -1.10583595734011064238e+00
  +6.94984170521341404481e+00
  +1.49961994869924399865e+01
  +2.30224470565947072487e+01
  +3.10178210508252583111e+01
  +3.89715995085899535866e+01
  +4.68731162492659692020e+01
  +5.47117751762680271099e+01
</dep>
<dep Transf_out.Vt time>
  +0.00000000000000000000e+00
  +2.68501264933263483758e-01
  +5.36642464143720188119e-01
  +8.04064014764108714317e-01
  +1.07040729899073960851e+00
  +1.33531514499735104451e+00
  +1.59843230590987928075e+00
  +1.85940593619983096652e+00
  +2.11788606485739450136e+00
  +2.37352606470977445241e+00
  +2.62598311725535893402e+00
  +2.87491867239038878523e+00
  +3.11999890241161592641e+00
  +3.36089514968612279588e+00
  +3.59728436738797441308e+00
  +3.82884955271065940963e+00
  +4.05528017197437939956e+00
  +4.27627257705810670529e+00
  +4.49153041259796381723e+00
  +4.70076501340586005995e+00
  +4.90369579157546198189e+00
  +5.10005061275634385964e+00
  +5.28956616109175215001e+00
  +5.47198829233059047539e+00
  +5.64707237464009370598e+00
  +5.81458361666215139962e+00
  +5.97429738237334539974e+00
  +6.12599949232648466335e+00
  +6.26948651086965735857e+00
  +6.40456601895761767906e+00
  +6.53105687218969599428e+00
  +6.64878944372815805508e+00
  +6.75760585177129513568e+00
  +6.85736017127617003553e+00
  +6.94791862964708784034e+00
  +7.02915978612742264886e+00
  +7.10097469465415631618e+00
  +7.16326704995679719445e+00
  +7.21595331670472539543e+00
  +7.25896284152979731630e+00
  +7.29223794777396339128e+00
  +7.31573401283485225122e+00
  +7.32941952800559981540e+00
  +7.33327614072867373096e+00
  +7.32729867920703359374e+00
  +7.31149515933961424707e+00
  +7.28588677397183825946e+00
  +7.25050786447557804593e+00
  +7.20540587469666871101e+00
  +7.15064128733173465235e+00
  +7.08628754281964301498e+00
  +7.01243094085637164170e+00
  +6.92917052466533522903e+00
  +6.83661794817838508465e+00
  +6.73489732630559068127e+00
  +6.62414506849458728510e+00
  +6.50450969580269955372e+00
  +6.37615164172715154223e+00
  +6.23924303706043481554e+00
  +6.09396747905938163115e+00
  +5.94051978523746448957e+00
  +5.77910573211049438669e+00
  +5.60994177924608106167e+00
  +5.43325477898689879197e+00
  +5.24928167223702235589e+00
  +5.05826917071930282077e+00
  +4.86047342612986277288e+00
  +4.65615968663340851208e+00
  +4.44560194115996853981e+00
  +4.22908255198010607501e+00
  +4.00689187605130747727e+00
  +3.77932787564331995611e+00
  +3.54669571876461375837e+00
  +3.30930736992580953881e+00
  +3.06748117178883017431e+00
  +2.82154141826286597450e+00
  +2.57181791961953853942e+00
  +2.31864556021056245072e+00
  +2.06236384938092642827e+00
  +1.80331646617986485204e+00
  +1.54185079848019590543e+00
  +1.27831747712402399308e+00
  +1.01306990571956689884e+00
  +7.46463786719633093369e-01
  +4.78856644417331223096e-01
  +2.10607345498606823853e-01
  -5.79243822053319354359e-02
  -3.26378432120482286916e-01
  -5.94394801840355091471e-01
  -8.61614075896592113146e-01
  -1.12767790774254939024e+00
  -1.39222950030335379523e+00
  -1.65491408444815424339e+00
  -1.91537939474279306218e+00
  -2.17327614184504369632e+00
  -2.42825848090878437802e+00
  -2.67998447536905359811e+00
  -2.92811655548603866350e+00
  -3.17232197103301860608e+00
  -3.41227323752129985124e+00
  -3.64764857536362674395e+00
  -3.87813234138725082545e+00
  -4.10341545211791824954e+00
  -4.32319579826715205684e+00
  -4.53717864986705965435e+00
  -4.74507705150925840343e+00
  -4.94661220715799654357e+00
  -5.14151385402137162117e+00
  -5.32952062497930167950e+00
  -5.51038039908221755070e+00
  -5.68385063965042025558e+00
  -5.84969871952079678579e+00
  -6.00770223300460237681e+00
  -6.15764929413809003478e+00
  -6.29933882082593665785e+00
  -6.43258080449647362542e+00
  -6.55719656490709734697e+00
  -6.67301898975813934101e+00
  -6.77989275879391861679e+00
  -6.87767455209038391928e+00
  -6.96623324225009810107e+00
  -7.04545007024675662421e+00
  -7.11521880468350964577e+00
  -7.17544588425143725630e+00
  -7.22605054319718487221e+00
  -7.26696491963152091387e+00
  -7.29813414653351166805e+00
  -7.31951642532832735810e+00
  -7.33108308193999391733e+00
  -7.33281860524392214984e+00
  -7.32472066786763775781e+00
  -7.30680012931184386105e+00
  -7.27908102138759538491e+00
  -7.24160051598916165716e+00
  -7.19440887524573913225e+00
  -7.13756938411890473617e+00
  -7.07115826553618020966e+00
  -6.99526457817451419174e+00
  -6.90999009703077415878e+00
  -6.81544917693936724845e+00
  -6.71176859922006308068e+00
  -6.59908740166162388618e+00
  -6.47755669206928619275e+00
  -6.34733944562606478001e+00
  -6.20861028633968192736e+00
  -6.06155525286819418795e+00
  -5.90637154903829930674e+00
  -5.74326727939096493003e+00
  -5.57246117010893904364e+00
  -5.39418227570046138197e+00
  -5.20866967183242213224e+00
  -5.01617213472498946203e+00
  -4.81694780753758866609e+00
  -4.61126385419357998074e+00
  -4.39939610110797918452e+00
  -4.18162866729851678826e+00
  -3.95825358337621535654e+00
  -3.72957039992631367298e+00
  -3.49588578580478825941e+00
  -3.25751311688907518871e+00
  -3.01477205583458207627e+00
  -2.76798812340050748304e+00
  -2.51749226191975816747e+00
  -2.26362039149851446140e+00
  -2.00671295954044026644e+00
  -1.74711448419966308698e+00
  -1.48517309237491934581e+00
  -1.22124005286415071581e+00
  -9.55669305305844596354e-01
  -6.88816985538682868828e-01
  -4.21040948016071503446e-01
  -1.52700285915945060955e-01
  +1.15845150410620406634e-01
  +3.84235236006057578884e-01
  +6.52110054241326952962e-01
  +9.19110379471563931908e-01
  +1.18487815876498392420e+00
  +1.44905699205927995799e+00
  +1.71129261010144784194e+00
  +1.97123334953012618875e+00
  +2.22853062446341709801e+00
  +2.48283939395969488473e+00
  +2.73381862472468162295e+00
  +2.98113174844403117092e+00
  +3.22444711312841780781e+00
  +3.46343842786565625502e+00
  +3.69778520038357383370e+00
  +3.92717316683667627686e+00
  +4.15129471324048715530e+00
  +4.36984928798821137264e+00
  +4.58254380489663226683e+00
  +4.78909303624070314953e+00
  +4.98921999524980197549e+00
  +5.18265630755272876939e+00
  +5.36914257107319503604e+00
  +5.54842870389338482795e+00
  +5.72027427961898027320e+00
  +5.88444884979584426077e+00
  +6.04073225294618065817e+00
  +6.18891490980960323753e+00
  +6.32879810439323353677e+00
  +6.46019425045393713702e+00
  +6.58292714305532289387e+00
  +6.69683219486223002548e+00
  +6.80175665685568464625e+00
  +6.89755982317250282421e+00
  +6.98411321979474575272e+00
  +7.06130077683603118999e+00
  +7.12901898419361845782e+00
  +7.18717703035760724362e+00
  +7.23569692419103205339e+00
  +7.27451359951758025346e+00
  +7.30357500237668233467e+00
  +7.32284216082893379962e+00
  +7.33228923721827818838e+00
  +7.33190356282082866812e+00
  +7.32168565483389155446e+00
  +7.30164921568239044802e+00
  +7.27182111464363423181e+00
  +7.23224135181506611048e+00
  +7.18296300447330615668e+00
  +7.12405215589642715202e+00
  +7.05558780674492513896e+00
  +6.97766176912021496292e+00
  +6.89037854344268119178e+00
  +6.79385517831450780335e+00
  +6.68822111355505910524e+00
  +6.57361800661943096458e+00
  +6.45019954263288752827e+00
  +6.31813122829593520891e+00
  +6.17759016993646703497e+00
  +6.02876483600645673988e+00
  +5.87185480434198225907e+00
  +5.70707049452515047250e+00
  +5.53463288570718692228e+00
  +5.35477322027074809085e+00
  +5.16773269372924026754e+00
  +4.97376213127858068930e+00
  +4.77312165143549105295e+00
  +4.56608031721320184460e+00
  +4.35291577530240125782e+00
  +4.13391388374136514727e+00
  +3.90936832857432703392e+00
  +3.67958023001259393325e+00
  +3.44485773862602773221e+00
  +3.20551562210684570786e+00
  +2.96187484315963889259e+00
  +2.71426212908383002187e+00
  +2.46300953362556818149e+00
  +2.20845399168686684632e+00
  +1.95093686748895334127e+00
  +1.69080349679582320199e+00
  +1.42840272381187194384e+00
  +1.16408643337462369693e+00
  +8.98209079069972937681e-01
  +6.31127207902552944674e-01
  +3.63198982158915217866e-01
  +9.47836991045188093086e-02
  -1.73758690841299023866e-01
  -4.42068066806243109568e-01
  -7.09784620394575682667e-01
  -9.76549338197529315231e-01
  -1.24200448323775480830e+00
  -1.50579407470192028207e+00
  -1.76756436531833305281e+00
  -2.02696431573925073266e+00
  -2.28364606529200786511e+00
  -2.53726539846716692139e+00
  -2.78748220651873346299e+00
  -3.03396094355692591549e+00
  -3.27637107652213188658e+00
  -3.51438752843655555225e+00
  -3.74769111433908097553e+00
  -3.97596896931899523864e+00
  -4.19891496807412067938e+00
  -4.41623013543127473923e+00
  -4.62762304727802753490e+00
  -4.83281022136855664684e+00
  -5.03151649747903118026e+00
  -5.22347540640324847772e+00
  -5.40842952729327386407e+00
  -5.58613083286610123679e+00
  -5.75634102201336350646e+00
  -5.91883183936796797298e+00
  -6.07338538139934858151e+00
  -6.21979438862645661601e+00
  -6.35786252355708825235e+00
  -6.48740463398046163235e+00
  -6.60824700126015418533e+00
  -6.72022757329434750062e+00
  -6.82319618183106424425e+00
  -6.91701474384686854080e+00
  -7.00155744671903601528e+00
  -7.07671091694288634244e+00
  -7.14237437216797221851e+00
  -7.19845975634929580167e+00
  -7.24489185783226563586e+00
  -7.28160841021308868903e+00
  -7.30856017583928974091e+00
  -7.32571101183842010585e+00
  -7.33303791858638742696e+00
  -7.33053107055043984275e+00
  -7.31819382946538521395e+00
  -7.29604273982546036592e+00
  -7.26410750669780291844e+00
  -7.22243095588735517509e+00
  -7.17106897650657870713e+00
  -7.11009044602700601700e+00
  -7.03957713791311334717e+00
  -6.95962361196245815620e+00
  -6.87033708749901439461e+00
  -6.77183729958985836106e+00
  -6.66425633847798781773e+00
  -6.54773847244657414279e+00
  -6.42243995435225212276e+00
  -6.28852881208678393676e+00
  -6.14618462324822800724e+00
  -5.99559827432366265754e+00
  -5.83697170470652082486e+00
  -5.67051763589161872403e+00
  -5.49645928621136903303e+00
  -5.31503007149530670716e+00
  -5.12647329205470470015e+00
  -4.93104180641183376110e+00
  -4.72899769221147536769e+00
  -4.52061189476944491616e+00
  -4.30616386372927362203e+00
  -4.08594117831458536472e+00
  -3.86023916167927882981e+00
  -3.62936048487330342738e+00
  -3.39361476095438252543e+00
  -3.15331812979064318725e+00
  -2.90879283411046207775e+00
  -2.66036678736837162162e+00
  -2.40837313400641495065e+00
  -2.15314980270046962829e+00
  -1.89503905319106324967e+00
  -1.63438701730593960448e+00
  -1.37154323479021722498e+00
  -1.10686018456630863582e+00
  -8.40692812052530547007e-01
  -5.73398053173917565672e-01
  -3.05334355703797855064e-01
  -3.68611985780036843785e-02
  +2.31661390173780457058e-01
  +4.99873316233081343984e-01
  +7.67414901886490197214e-01
  +1.03392736836084186969e+00
  +1.29905331695299852690e+00
  +1.56243720830886556605e+00
  +1.82372583920893416298e+00
</dep>
<dep Load_out.Vt time>
  +0.00000000000000000000e+00
  +4.95346107960313239427e-05
  +2.91463774078473680795e-02
  +2.20682636093561812540e-01
  +4.59531069864283048254e-01
  +7.08224422238065032253e-01
  +9.59941823954807427199e-01
  +1.21217028927471348609e+00
  +1.46358528496898676607e+00
  +1.71331968867476147622e+00
  +1.96072073113158684698e+00
  +2.20525065774527861961e+00
  +2.44644016891345028597e+00
  +2.68386437540574762650e+00
  +2.91712946688798080430e+00
  +3.14586492138436213395e+00
  +3.36971877542378361881e+00
  +3.58835467695137033672e+00
  +3.80145002271387877357e+00
  +4.00869477934497453475e+00
  +4.20979074832672761630e+00
  +4.40445112605430999508e+00
  +4.59240026376302878930e+00
  +4.77337356462627671050e+00
  +4.94711747571911608645e+00
  +5.11338954565093040117e+00
  +5.27195852730109848494e+00
  +5.42260451089662520729e+00
  +5.56511907665170468817e+00
  +5.69930545896906881609e+00
  +5.82497871617665463617e+00
  +5.94196590119650647210e+00
  +6.05010622958503763158e+00
  +6.14925124215779739245e+00
  +6.23926495999511399049e+00
  +6.32002403007074864405e+00
  +6.39141786009121481982e+00
  +6.45334874140557168687e+00
  +6.50573195906303158864e+00
  +6.54849588827277617753e+00
  +6.58158207666697858684e+00
  +6.60494531189208711197e+00
  +6.61855367416047979390e+00
  +6.62238857348943898984e+00
  +6.61644477144033338334e+00
  +6.60073038725121463699e+00
  +6.57526688833295303027e+00
  +6.54008906517524923885e+00
  +6.49524499078626327275e+00
  +6.44079596487092498336e+00
  +6.37681644304058092843e+00
  +6.30339395144379022184e+00
  +6.22062898731836533273e+00
  +6.12863490609310090917e+00
  +6.02753779582015258853e+00
  +5.91747633990378041347e+00
  +5.79860166931918641353e+00
  +5.67107720580130880705e+00
  +5.53507849784802807847e+00
  +5.39079305185405299738e+00
  +5.23842016131090648656e+00
  +5.07817073783279226973e+00
  +4.91026714888138382520e+00
  +4.73494306858802627147e+00
  +4.55244335019390256036e+00
  +4.36302393162815516092e+00
  +4.16695179005564320107e+00
  +3.96450496753861481025e+00
  +3.75597269938358069297e+00
  +3.54165569113327727280e+00
  +3.32186661266206817444e+00
  +3.09693091397450803726e+00
  +2.86718812715699788995e+00
  +2.63299392153247868720e+00
  +2.39472336208679692504e+00
  +2.15277616315176345552e+00
  +1.90758540388057751258e+00
  +1.65963259267859286616e+00
  +1.40947520855537655748e+00
  +1.15780102082390023988e+00
  +9.05546975149172372888e-01
  +6.54201084310180647208e-01
  +4.06765743151601411043e-01
  +1.72348970159659609092e-01
  +1.03112688098419835736e-02
  +1.05328004416449592506e-05
  -4.35126090941766154662e-08
  -4.98152202457154737073e-08
  -4.86149005919815430551e-08
  -4.76825443880001483324e-08
  -4.68548148640711393468e-08
  -4.63450901470971888402e-08
  -4.58372560711686521853e-08
  -4.53984184214560674816e-08
  -4.50116874462958720983e-08
  -4.46653026792013033153e-08
  -4.43507992303301588032e-08
  -4.40619159802891735122e-08
  -4.37939141553992658052e-08
  -4.35431361997348938524e-08
  -4.33067110432913931605e-08
  -4.30823517048479760587e-08
  -4.28682129311419807347e-08
  -4.26627889269324417094e-08
  -4.24648384953869525733e-08
  -4.22733293181944114712e-08
  -4.20873958510954249233e-08
  -4.19063070738787232968e-08
  -4.17294414775151690459e-08
  -4.15562674439642930953e-08
  -4.13863276928164039534e-08
  -4.12192268350649996568e-08
  -4.10546213152376522973e-08
  -4.08922112219867065017e-08
  -4.07317999827396253106e-08
  -4.05730857350286881410e-08
  -4.04158552861532327158e-08
  -4.02599658429466451988e-08
  -4.00178258889867093659e-08
  -3.99514962640107042192e-08
  -3.97112792126312733098e-08
  -3.96465309668919473974e-08
  -3.94077565978186682150e-08
  -3.93441512514260106036e-08
  -3.91064118714518895933e-08
  -3.90435904403172765972e-08
  -3.88065112973339334298e-08
  -3.86568997939756281960e-08
  -3.85946745964754045878e-08
  -3.84452370945013588573e-08
  -3.82085172863725119544e-08
  -3.81462171914630586688e-08
  -3.79964820787444639547e-08
  -3.77592420382380767306e-08
  -3.76961743579302540025e-08
  -3.74581908349095943009e-08
  -3.73069559770139382200e-08
  -3.71551128544284450014e-08
  -3.70025558290596270645e-08
  -3.68491691686986474769e-08
  -3.66948256645754586087e-08
  -3.65393839569276571090e-08
  -3.63826882878074707776e-08
  -3.62245637289591201056e-08
  -3.60648159270575657635e-08
  -3.59032492648343574959e-08
  -3.58264352542513476313e-08
  -3.55735914618461406510e-08
  -3.54048146463585653582e-08
  -3.52329504630326641526e-08
  -3.50575731657567590902e-08
  -3.48781695364244639750e-08
  -3.46941517179276805258e-08
  -3.45910553664712492900e-08
  -3.43093909135167799557e-08
  -3.41068644034279609342e-08
  -3.38960974438786517490e-08
  -3.37615301740148694536e-08
  -3.34438564866935099254e-08
  -3.32842389222019979875e-08
  -3.29371144754530290272e-08
  -3.27416666382120840912e-08
  -3.24367997166179048742e-08
  -3.21024040482358941941e-08
  -3.17308067472814694151e-08
  -3.13116528731202295845e-08
  -3.07453564495324249001e-08
  -3.01791219757795305774e-08
  -2.95774437902081733381e-08
  -2.87132436938073424713e-08
  -2.75454064260641533882e-08
  -2.51961292715756911632e-08
  +8.22107699995235349368e-07
  +1.05746152591738341864e-03
  +9.88384342345778321715e-02
  +3.21611309699788239236e-01
  +5.66178605330406314877e-01
  +8.16627516194404767802e-01
  +1.06877630614810770204e+00
  +1.32078104389844108724e+00
  +1.57156160544754563979e+00
  +1.82036131840830073259e+00
  +2.06658505217039945023e+00
  +2.30972857622019400736e+00
  +2.54934390230046492576e+00
  +2.78502078039493738970e+00
  +3.01637618324864842378e+00
  +3.24304804930592371903e+00
  +3.46469143560208747701e+00
  +3.68097610241549855203e+00
  +3.89158498315880718721e+00
  +4.09621321988768016809e+00
  +4.29456757004922629051e+00
  +4.48636606218006850355e+00
  +4.67133782128951491330e+00
  +4.84922301117279452853e+00
  +5.01977285769797010317e+00
  +5.18274972802601396893e+00
  +5.33792724797910178580e+00
  +5.48509044469381290554e+00
  +5.62403590509870365821e+00
  +5.75457194314884645792e+00
  +5.87651877046089943235e+00
  +5.98970866623441633436e+00
  +6.09398614325992404872e+00
  +6.18920810749854943822e+00
  +6.27524400923609348979e+00
  +6.35197598421331477425e+00
  +6.41929898344519855868e+00
  +6.47712089068868568376e+00
  +6.52536262671682099068e+00
  +6.56395823972021563719e+00
  +6.59285498129274749601e+00
  +6.61201336757448565606e+00
  +6.62140722522617597434e+00
  +6.62102372200016819903e+00
  +6.61086338175589816046e+00
  +6.59094008384655616339e+00
  +6.56128104687991164923e+00
  +6.52192679693273813513e+00
  +6.47293112037702211836e+00
  +6.41436100155988064841e+00
  +6.34629654567039125368e+00
  +6.26883088722882497734e+00
  +6.18207008475120112223e+00
  +6.08613300228010967174e+00
  +5.98115117863777800977e+00
  +5.86726868545951329992e+00
  +5.74464197531648945727e+00
  +5.61343972155386961020e+00
  +5.47384265187718099810e+00
  +5.32604337824913365296e+00
  +5.17024622635884867350e+00
  +5.00666706886160906009e+00
  +4.83553316786093212443e+00
  +4.65708303385962363308e+00
  +4.47156631086596334512e+00
  +4.27924370084058836028e+00
  +4.08038694574098315115e+00
  +3.87527889290562033153e+00
  +3.66421368080188880612e+00
  +3.44749709955626881808e+00
  +3.22544720819137431533e+00
  +2.99839533524421186783e+00
  +2.76668766461507331655e+00
  +2.53068773950770342651e+00
  +2.29078045551345521602e+00
  +2.04737856895159708870e+00
  +1.80093366860452919198e+00
  +1.55195556476032736626e+00
  +1.30104881345893530487e+00
  +1.04898774772086644802e+00
  +7.96890366054281651387e-01
  +5.46699272802599334220e-01
  +3.02950656501501214279e-01
  +8.39677340109514780409e-02
  +6.10506365193426089877e-04
  +4.28516754882879175731e-07
  -5.01480807991001658683e-08
  -4.93933926599674316605e-08
  -4.79543518961683853908e-08
  -4.74817248916488784298e-08
  -4.68097124253873521447e-08
  -4.62519787595716693569e-08
  -4.57762505905179984235e-08
  -4.53614404745878086649e-08
  -4.49931676178604359178e-08
  -4.46612637128218008080e-08
  -4.43583189430743550334e-08
  -4.40787953615826732416e-08
  -4.38184643548428188684e-08
  -4.35740372821513785757e-08
  -4.33429156334103933427e-08
  -4.31230176128414834308e-08
  -4.29126550029670515880e-08
  -4.27104439650986551346e-08
  -4.25152392590954413074e-08
  -4.23260849516099294573e-08
  -4.21421769452833537041e-08
  -4.19628341170636028068e-08
  -4.17874758235546280623e-08
  -4.16156041718613038845e-08
  -4.14467899079154944615e-08
  -4.12806610739730535549e-08
  -4.11168938144472646823e-08
  -4.09552048576782826064e-08
  -4.07953453210052076599e-08
  -4.02854201893443765025e-08
  -4.01288796569664691846e-08
  -3.99735799258464175130e-08
  -3.98193658870381756712e-08
  -3.96660980163564882159e-08
  -3.95136500976556658774e-08
  -3.93619072423056186186e-08
  -3.92107242909362537896e-08
  -3.94110668148390339981e-08
  -3.89097673220945724734e-08
  -3.91107914982654849721e-08
  -3.89610701371397061840e-08
  -3.88115218448072886757e-08
  -3.83110957895391353312e-08
  -3.81616626870825932432e-08
  -3.80121705328051025740e-08
  -3.78625423338766237840e-08
  -3.80636698712552635132e-08
  -3.79135434496141818933e-08
  -3.77630476855086119777e-08
  -3.76120919801193913845e-08
  -3.71096959506277747918e-08
  -3.69575699355093013291e-08
  -3.68046864675762325919e-08
  -3.66509380011508152132e-08
  -3.64962734950881328988e-08
  -3.63404433920079452530e-08
  -3.61832864292850912499e-08
  -3.60246188182595530013e-08
  -3.58642336846051756373e-08
  -3.57018971119336383721e-08
  -3.55373434300686533160e-08
  -3.53702695615211708952e-08
  -3.55483941193222938854e-08
  -3.50271206222852468995e-08
  -3.51976589202969284472e-08
  -3.46689757686168269647e-08
  -3.44828761548024497006e-08
  -3.42911307196430508414e-08
  -3.40928981766695662989e-08
  -3.42329502283549112068e-08
  -3.40175119908944063006e-08
  -3.37917163182518953939e-08
  -3.35536852195276525442e-08
  -3.33010885412259852092e-08
  -3.30309969986702001068e-08
  -3.27396726917832846726e-08
  -3.24222628237949903182e-08
  -3.20723388136135860492e-08
  -3.16811788548622462556e-08
  -3.12366047071929129079e-08
  -3.07209979684392548924e-08
  -3.01076840819236097235e-08
  -2.93536512240814980671e-08
  -2.83820416947340795744e-08
  -2.69976480154747177926e-08
  -1.04090387168140985200e-08
  +1.85410737466720830328e-05
  +1.56611624873875809882e-02
  +1.89703661268056655853e-01
  +4.25900097971637525696e-01
  +6.73828804678812232076e-01
  +9.25323537908425586274e-01
  +1.17757557036209226098e+00
</dep>
